515 1
cap/cap_1/cap_1_1_1.png 204 167 421 323 313 245 
cap/cap_1/cap_1_1_6.png 203 168 423 317 313 243 
cap/cap_1/cap_1_1_11.png 200 171 429 312 315 242 
cap/cap_1/cap_1_1_16.png 193 172 432 312 313 242 
cap/cap_1/cap_1_1_21.png 199 175 430 317 315 246 
cap/cap_1/cap_1_1_26.png 202 176 431 321 317 249 
cap/cap_1/cap_1_1_31.png 206 177 430 326 318 252 
cap/cap_1/cap_1_1_36.png 210 177 431 328 321 253 
cap/cap_1/cap_1_1_41.png 221 179 429 331 325 255 
cap/cap_1/cap_1_1_46.png 228 179 430 333 329 256 
cap/cap_1/cap_1_1_51.png 237 180 427 335 332 258 
cap/cap_1/cap_1_1_56.png 242 182 426 336 334 259 
cap/cap_1/cap_1_1_61.png 235 180 426 337 331 259 
cap/cap_1/cap_1_1_66.png 230 182 423 335 327 259 
cap/cap_1/cap_1_1_71.png 223 182 408 334 316 258 
cap/cap_1/cap_1_1_76.png 213 182 401 337 307 260 
cap/cap_1/cap_1_1_81.png 209 182 401 338 305 260 
cap/cap_1/cap_1_1_86.png 206 182 411 338 309 260 
cap/cap_1/cap_1_1_91.png 204 182 421 338 313 260 
cap/cap_1/cap_1_1_96.png 202 182 426 333 314 258 
cap/cap_1/cap_1_1_101.png 197 181 430 328 314 255 
cap/cap_1/cap_1_1_106.png 198 179 431 323 315 251 
cap/cap_1/cap_1_1_111.png 196 176 429 316 313 246 
cap/cap_1/cap_1_1_116.png 200 174 428 321 314 248 
cap/cap_1/cap_1_1_121.png 201 170 426 327 314 249 
cap/cap_1/cap_1_1_126.png 201 170 417 330 309 250 
cap/cap_1/cap_1_1_131.png 202 169 411 335 307 252 
cap/cap_1/cap_1_1_136.png 207 167 399 337 303 252 
cap/cap_1/cap_1_1_141.png 211 166 393 338 302 252 
cap/cap_1/cap_1_1_146.png 219 165 390 336 305 251 
cap/cap_1/cap_1_1_151.png 227 164 397 333 312 249 
cap/cap_1/cap_1_1_156.png 232 164 403 336 318 250 
cap/cap_1/cap_1_1_161.png 226 165 407 335 317 250 
cap/cap_1/cap_1_1_166.png 210 165 412 333 311 249 
cap/cap_1/cap_1_1_171.png 207 166 417 327 312 247 
cap/cap_1/cap_1_1_176.png 205 168 422 323 314 246 
cap/cap_1/cap_1_1_181.png 201 170 426 314 314 242 
cap/cap_1/cap_1_1_186.png 198 172 431 312 315 242 
cap/cap_1/cap_1_2_1.png 237 202 441 363 339 283 
cap/cap_1/cap_1_2_6.png 237 206 441 357 339 282 
cap/cap_1/cap_1_2_11.png 234 207 436 356 335 282 
cap/cap_1/cap_1_2_16.png 234 210 433 361 334 286 
cap/cap_1/cap_1_2_21.png 230 213 429 368 330 291 
cap/cap_1/cap_1_2_26.png 231 216 429 370 330 293 
cap/cap_1/cap_1_2_31.png 233 220 430 371 332 296 
cap/cap_1/cap_1_2_36.png 235 222 434 371 335 297 
cap/cap_1/cap_1_2_41.png 237 226 436 369 337 298 
cap/cap_1/cap_1_2_46.png 243 229 442 365 343 297 
cap/cap_1/cap_1_2_51.png 249 229 438 359 344 294 
cap/cap_1/cap_1_2_56.png 255 226 438 351 347 289 
cap/cap_1/cap_1_2_61.png 262 223 436 342 349 283 
cap/cap_1/cap_1_2_66.png 254 221 432 345 343 283 
cap/cap_1/cap_1_2_71.png 250 220 427 338 339 279 
cap/cap_1/cap_1_2_76.png 232 219 415 348 324 284 
cap/cap_1/cap_1_2_81.png 235 219 406 350 321 285 
cap/cap_1/cap_1_2_86.png 238 221 409 352 324 287 
cap/cap_1/cap_1_2_91.png 239 224 416 356 328 290 
cap/cap_1/cap_1_2_96.png 240 226 424 363 332 295 
cap/cap_1/cap_1_2_101.png 242 223 429 371 336 297 
cap/cap_1/cap_1_2_106.png 247 220 433 372 340 296 
cap/cap_1/cap_1_2_111.png 249 218 438 370 344 294 
cap/cap_1/cap_1_2_116.png 249 213 436 367 343 290 
cap/cap_1/cap_1_2_121.png 248 210 445 356 347 283 
cap/cap_1/cap_1_2_126.png 244 208 445 352 345 280 
cap/cap_1/cap_1_2_131.png 234 206 445 346 340 276 
cap/cap_1/cap_1_2_136.png 236 204 437 357 337 281 
cap/cap_1/cap_1_2_141.png 234 203 440 360 337 282 
cap/cap_1/cap_1_2_146.png 238 202 431 366 335 284 
cap/cap_1/cap_1_2_151.png 237 199 432 366 335 283 
cap/cap_1/cap_1_2_156.png 242 199 427 368 335 284 
cap/cap_1/cap_1_2_161.png 248 195 422 367 335 281 
cap/cap_1/cap_1_2_166.png 259 198 425 361 342 280 
cap/cap_1/cap_1_2_171.png 266 197 429 365 348 281 
cap/cap_1/cap_1_2_176.png 267 199 437 369 352 284 
cap/cap_1/cap_1_2_181.png 258 201 440 370 349 286 
cap/cap_1/cap_1_2_186.png 254 201 443 370 349 286 
cap/cap_1/cap_1_2_191.png 250 202 443 369 347 286 
cap/cap_1/cap_1_2_196.png 242 202 443 366 343 284 
cap/cap_1/cap_1_2_201.png 238 205 441 361 340 283 
cap/cap_1/cap_1_2_206.png 234 206 440 356 337 281 
cap/cap_1/cap_1_2_211.png 235 209 435 360 335 285 
cap/cap_1/cap_1_2_216.png 231 211 429 366 330 289 
cap/cap_1/cap_1_4_1.png 237 154 413 334 325 244 
cap/cap_1/cap_1_4_6.png 228 154 412 329 320 242 
cap/cap_1/cap_1_4_11.png 225 157 411 322 318 240 
cap/cap_1/cap_1_4_16.png 220 160 406 315 313 238 
cap/cap_1/cap_1_4_21.png 220 163 405 314 313 239 
cap/cap_1/cap_1_4_26.png 219 168 402 318 311 243 
cap/cap_1/cap_1_4_31.png 218 172 405 324 312 248 
cap/cap_1/cap_1_4_36.png 221 178 411 325 316 252 
cap/cap_1/cap_1_4_41.png 227 179 413 325 320 252 
cap/cap_1/cap_1_4_46.png 230 174 416 321 323 248 
cap/cap_1/cap_1_4_51.png 238 167 419 317 329 242 
cap/cap_1/cap_1_4_56.png 245 162 420 311 333 237 
cap/cap_1/cap_1_4_61.png 254 159 415 303 335 231 
cap/cap_1/cap_1_4_66.png 256 157 410 293 333 225 
cap/cap_1/cap_1_4_71.png 251 156 406 290 329 223 
cap/cap_1/cap_1_4_76.png 246 157 398 297 322 227 
cap/cap_1/cap_1_4_81.png 244 160 395 309 320 235 
cap/cap_1/cap_1_4_86.png 238 163 405 319 322 241 
cap/cap_1/cap_1_4_91.png 240 169 411 326 326 248 
cap/cap_1/cap_1_4_96.png 243 175 416 330 330 253 
cap/cap_1/cap_1_4_101.png 243 183 423 331 333 257 
cap/cap_1/cap_1_4_106.png 247 179 425 331 336 255 
cap/cap_1/cap_1_4_111.png 247 176 426 329 337 253 
cap/cap_1/cap_1_4_116.png 247 173 428 326 338 250 
cap/cap_1/cap_1_4_121.png 243 170 427 320 335 245 
cap/cap_1/cap_1_4_126.png 239 169 427 315 333 242 
cap/cap_1/cap_1_4_131.png 237 166 427 315 332 241 
cap/cap_1/cap_1_4_136.png 233 162 425 320 329 241 
cap/cap_1/cap_1_4_141.png 230 161 423 327 327 244 
cap/cap_1/cap_1_4_146.png 228 160 416 333 322 247 
cap/cap_1/cap_1_4_151.png 228 158 409 336 319 247 
cap/cap_1/cap_1_4_156.png 229 158 404 336 317 247 
cap/cap_1/cap_1_4_161.png 235 157 395 338 315 248 
cap/cap_1/cap_1_4_166.png 239 155 393 336 316 246 
cap/cap_1/cap_1_4_171.png 244 155 399 333 322 244 
cap/cap_1/cap_1_4_176.png 251 156 403 335 327 246 
cap/cap_1/cap_1_4_181.png 251 155 408 337 330 246 
cap/cap_1/cap_1_4_186.png 242 153 410 337 326 245 
cap/cap_1/cap_1_4_191.png 236 154 413 334 325 244 
cap/cap_1/cap_1_4_196.png 228 154 412 330 320 242 
cap/cap_1/cap_1_4_201.png 226 157 412 325 319 241 
cap/cap_1/cap_1_4_206.png 223 159 407 317 315 238 
cap/cap_1/cap_1_4_211.png 221 161 406 313 314 237 
cap/cap_1/cap_1_4_216.png 218 166 403 316 311 241 
cap/cap_1/cap_1_4_221.png 218 171 404 321 311 246 
cap/cap_2/cap_2_1_1.png 234 181 422 330 328 256 
cap/cap_2/cap_2_1_6.png 234 185 424 328 329 257 
cap/cap_2/cap_2_1_11.png 223 186 422 327 323 257 
cap/cap_2/cap_2_1_16.png 221 186 422 322 322 254 
cap/cap_2/cap_2_1_21.png 215 188 418 317 317 253 
cap/cap_2/cap_2_1_26.png 213 191 413 322 313 257 
cap/cap_2/cap_2_1_31.png 210 193 407 328 309 261 
cap/cap_2/cap_2_1_36.png 213 194 405 332 309 263 
cap/cap_2/cap_2_1_41.png 213 196 403 335 308 266 
cap/cap_2/cap_2_1_46.png 215 198 405 335 310 267 
cap/cap_2/cap_2_1_51.png 220 199 408 337 314 268 
cap/cap_2/cap_2_1_56.png 224 199 409 333 317 266 
cap/cap_2/cap_2_1_61.png 235 201 408 320 322 261 
cap/cap_2/cap_2_1_66.png 238 200 407 314 323 257 
cap/cap_2/cap_2_1_71.png 226 201 403 314 315 258 
cap/cap_2/cap_2_1_76.png 212 201 398 310 305 256 
cap/cap_2/cap_2_1_81.png 207 200 391 308 299 254 
cap/cap_2/cap_2_1_86.png 207 200 383 310 295 255 
cap/cap_2/cap_2_1_91.png 205 200 394 314 300 257 
cap/cap_2/cap_2_1_96.png 206 198 398 320 302 259 
cap/cap_2/cap_2_1_101.png 214 197 404 329 309 263 
cap/cap_2/cap_2_1_106.png 217 194 409 330 313 262 
cap/cap_2/cap_2_1_111.png 221 194 412 329 317 262 
cap/cap_2/cap_2_1_116.png 224 192 413 328 319 260 
cap/cap_2/cap_2_1_121.png 224 191 412 326 318 259 
cap/cap_2/cap_2_1_126.png 224 188 412 322 318 255 
cap/cap_2/cap_2_1_131.png 220 187 414 319 317 253 
cap/cap_2/cap_2_1_136.png 218 185 409 323 314 254 
cap/cap_2/cap_2_1_141.png 218 182 404 325 311 254 
cap/cap_2/cap_2_1_146.png 220 182 403 327 312 255 
cap/cap_2/cap_2_1_151.png 225 182 395 328 310 255 
cap/cap_2/cap_2_1_156.png 228 182 393 327 311 255 
cap/cap_2/cap_2_1_161.png 233 179 394 324 314 252 
cap/cap_2/cap_2_1_166.png 236 178 402 322 319 250 
cap/cap_2/cap_2_1_171.png 243 179 410 322 327 251 
cap/cap_2/cap_2_1_176.png 243 180 415 325 329 253 
cap/cap_2/cap_2_1_181.png 239 181 419 327 329 254 
cap/cap_2/cap_2_1_186.png 233 181 422 330 328 256 
cap/cap_2/cap_2_1_191.png 228 184 426 328 327 256 
cap/cap_2/cap_2_1_196.png 222 186 427 325 325 256 
cap/cap_2/cap_2_1_201.png 217 187 419 322 318 255 
cap/cap_2/cap_2_1_206.png 213 190 414 321 314 256 
cap/cap_2/cap_2_1_211.png 213 193 406 329 310 261 
cap/cap_2/cap_2_1_216.png 212 195 404 334 308 265 
cap/cap_2/cap_2_1_221.png 216 197 403 335 310 266 
cap/cap_2/cap_2_2_1.png 232 207 435 361 334 284 
cap/cap_2/cap_2_2_6.png 229 214 431 352 330 283 
cap/cap_2/cap_2_2_11.png 227 216 426 357 327 287 
cap/cap_2/cap_2_2_16.png 226 218 422 362 324 290 
cap/cap_2/cap_2_2_21.png 228 215 421 367 325 291 
cap/cap_2/cap_2_2_26.png 229 216 419 368 324 292 
cap/cap_2/cap_2_2_31.png 233 221 423 369 328 295 
cap/cap_2/cap_2_2_36.png 238 222 427 368 333 295 
cap/cap_2/cap_2_2_41.png 242 224 431 364 337 294 
cap/cap_2/cap_2_2_46.png 250 225 433 356 342 291 
cap/cap_2/cap_2_2_51.png 257 222 434 348 346 285 
cap/cap_2/cap_2_2_56.png 266 219 434 342 350 281 
cap/cap_2/cap_2_2_61.png 253 218 430 343 342 281 
cap/cap_2/cap_2_2_66.png 250 220 428 333 339 277 
cap/cap_2/cap_2_2_71.png 245 221 423 333 334 277 
cap/cap_2/cap_2_2_76.png 237 223 414 337 326 280 
cap/cap_2/cap_2_2_81.png 243 226 424 346 334 286 
cap/cap_2/cap_2_2_86.png 245 226 435 357 340 292 
cap/cap_2/cap_2_2_91.png 250 224 441 364 346 294 
cap/cap_2/cap_2_2_96.png 253 222 445 365 349 294 
cap/cap_2/cap_2_2_101.png 254 221 448 366 351 294 
cap/cap_2/cap_2_2_106.png 256 219 449 365 353 292 
cap/cap_2/cap_2_2_111.png 256 216 451 361 354 289 
cap/cap_2/cap_2_2_116.png 253 214 450 359 352 287 
cap/cap_2/cap_2_2_121.png 246 212 452 355 349 284 
cap/cap_2/cap_2_2_126.png 242 211 447 360 345 286 
cap/cap_2/cap_2_2_131.png 245 208 445 366 345 287 
cap/cap_2/cap_2_2_136.png 240 208 441 371 341 290 
cap/cap_2/cap_2_2_141.png 240 205 434 373 337 289 
cap/cap_2/cap_2_2_146.png 244 204 426 374 335 289 
cap/cap_2/cap_2_2_151.png 246 203 420 373 333 288 
cap/cap_2/cap_2_2_156.png 247 205 415 371 331 288 
cap/cap_2/cap_2_2_161.png 253 202 422 367 338 285 
cap/cap_2/cap_2_2_166.png 257 202 427 371 342 287 
cap/cap_2/cap_2_2_171.png 259 201 430 373 345 287 
cap/cap_2/cap_2_2_176.png 248 201 434 374 341 288 
cap/cap_2/cap_2_2_181.png 244 203 438 372 341 288 
cap/cap_2/cap_2_2_186.png 238 205 439 369 339 287 
cap/cap_2/cap_2_2_191.png 231 205 435 362 333 284 
cap/cap_2/cap_2_2_196.png 229 208 432 354 331 281 
cap/cap_2/cap_2_2_201.png 227 211 428 357 328 284 
cap/cap_2/cap_2_2_206.png 229 214 424 363 327 289 
cap/cap_2/cap_2_4_1.png 201 163 415 315 308 239 
cap/cap_2/cap_2_4_6.png 205 163 414 319 310 241 
cap/cap_2/cap_2_4_11.png 209 165 416 321 313 243 
cap/cap_2/cap_2_4_16.png 214 166 416 324 315 245 
cap/cap_2/cap_2_4_21.png 222 166 425 326 324 246 
cap/cap_2/cap_2_4_26.png 230 161 423 328 327 245 
cap/cap_2/cap_2_4_31.png 242 156 423 330 333 243 
cap/cap_2/cap_2_4_36.png 251 152 417 335 334 244 
cap/cap_2/cap_2_4_41.png 252 149 410 339 331 244 
cap/cap_2/cap_2_4_46.png 251 150 405 342 328 246 
cap/cap_2/cap_2_4_51.png 246 151 401 345 324 248 
cap/cap_2/cap_2_4_56.png 242 154 397 344 320 249 
cap/cap_2/cap_2_4_61.png 239 159 406 343 323 251 
cap/cap_2/cap_2_4_66.png 235 163 415 340 325 252 
cap/cap_2/cap_2_4_71.png 233 169 423 339 328 254 
cap/cap_2/cap_2_4_76.png 231 169 429 333 330 251 
cap/cap_2/cap_2_4_81.png 231 168 436 327 334 248 
cap/cap_2/cap_2_4_86.png 225 167 441 322 333 245 
cap/cap_2/cap_2_4_91.png 220 167 443 319 332 243 
cap/cap_2/cap_2_4_96.png 215 166 445 316 330 241 
cap/cap_2/cap_2_4_101.png 217 164 444 311 331 238 
cap/cap_2/cap_2_4_106.png 217 160 444 321 331 241 
cap/cap_2/cap_2_4_111.png 221 158 440 332 331 245 
cap/cap_2/cap_2_4_116.png 225 155 432 342 329 249 
cap/cap_2/cap_2_4_121.png 228 155 423 351 326 253 
cap/cap_2/cap_2_4_126.png 231 153 413 354 322 254 
cap/cap_2/cap_2_4_131.png 236 151 404 357 320 254 
cap/cap_2/cap_2_4_136.png 240 150 394 356 317 253 
cap/cap_2/cap_2_4_141.png 246 150 396 356 321 253 
cap/cap_2/cap_2_4_146.png 253 151 398 358 326 255 
cap/cap_2/cap_2_4_151.png 248 152 402 357 325 255 
cap/cap_2/cap_2_4_156.png 237 149 404 356 321 253 
cap/cap_2/cap_2_4_161.png 227 152 407 354 317 253 
cap/cap_2/cap_2_4_166.png 221 152 410 349 316 251 
cap/cap_2/cap_2_4_171.png 214 153 414 342 314 248 
cap/cap_2/cap_2_4_176.png 209 154 415 332 312 243 
cap/cap_2/cap_2_4_181.png 205 157 417 322 311 240 
cap/cap_2/cap_2_4_186.png 201 160 418 315 310 238 
cap/cap_2/cap_2_4_191.png 201 163 422 312 312 238 
cap/cap_2/cap_2_4_196.png 202 163 426 316 314 240 
cap/cap_2/cap_2_4_201.png 206 164 426 320 316 242 
cap/cap_2/cap_2_4_206.png 208 166 426 321 317 244 
cap/cap_2/cap_2_4_211.png 212 166 426 323 319 245 
cap/cap_2/cap_2_4_216.png 219 169 426 326 323 248 
cap/cap_2/cap_2_4_221.png 224 164 425 328 325 246 
cap/cap_2/cap_2_4_226.png 237 157 425 330 331 244 
cap/cap_2/cap_2_4_231.png 247 154 418 333 333 244 
cap/cap_3/cap_3_1_1.png 209 159 403 337 306 248 
cap/cap_3/cap_3_1_6.png 205 159 401 333 303 246 
cap/cap_3/cap_3_1_11.png 198 160 402 328 300 244 
cap/cap_3/cap_3_1_16.png 194 162 402 321 298 242 
cap/cap_3/cap_3_1_21.png 191 162 404 313 298 238 
cap/cap_3/cap_3_1_26.png 191 164 410 311 301 238 
cap/cap_3/cap_3_1_31.png 194 164 418 311 306 238 
cap/cap_3/cap_3_1_36.png 199 165 423 313 311 239 
cap/cap_3/cap_3_1_41.png 203 166 425 315 314 241 
cap/cap_3/cap_3_1_46.png 211 166 426 316 319 241 
cap/cap_3/cap_3_1_51.png 217 166 426 318 322 242 
cap/cap_3/cap_3_1_56.png 229 166 425 320 327 243 
cap/cap_3/cap_3_1_61.png 238 169 422 321 330 245 
cap/cap_3/cap_3_1_66.png 236 167 420 322 328 245 
cap/cap_3/cap_3_1_71.png 230 167 418 328 324 248 
cap/cap_3/cap_3_1_76.png 225 169 415 331 320 250 
cap/cap_3/cap_3_1_81.png 226 169 412 334 319 252 
cap/cap_3/cap_3_1_86.png 227 169 406 336 317 253 
cap/cap_3/cap_3_1_91.png 226 169 404 335 315 252 
cap/cap_3/cap_3_1_96.png 225 169 413 336 319 253 
cap/cap_3/cap_3_1_101.png 222 169 421 334 322 252 
cap/cap_3/cap_3_1_106.png 220 169 427 332 324 251 
cap/cap_3/cap_3_1_111.png 219 169 433 327 326 248 
cap/cap_3/cap_3_1_116.png 208 168 435 322 322 245 
cap/cap_3/cap_3_1_121.png 205 167 439 316 322 242 
cap/cap_3/cap_3_1_126.png 205 166 439 315 322 241 
cap/cap_3/cap_3_1_131.png 205 165 437 319 321 242 
cap/cap_3/cap_3_1_136.png 204 164 435 322 320 243 
cap/cap_3/cap_3_1_141.png 209 163 433 327 321 245 
cap/cap_3/cap_3_1_146.png 211 162 427 333 319 248 
cap/cap_3/cap_3_1_151.png 212 161 419 337 316 249 
cap/cap_3/cap_3_1_156.png 211 160 408 340 310 250 
cap/cap_3/cap_3_1_161.png 214 159 404 341 309 250 
cap/cap_3/cap_3_1_166.png 216 161 392 342 304 252 
cap/cap_3/cap_3_1_171.png 219 162 393 340 306 251 
cap/cap_3/cap_3_1_176.png 224 161 398 339 311 250 
cap/cap_3/cap_3_1_181.png 228 157 402 340 315 249 
cap/cap_3/cap_3_1_186.png 214 159 404 340 309 250 
cap/cap_3/cap_3_1_191.png 206 159 403 336 305 248 
cap/cap_3/cap_3_1_196.png 196 160 402 328 299 244 
cap/cap_3/cap_3_1_201.png 194 162 403 321 299 242 
cap/cap_3/cap_3_1_206.png 190 163 407 317 299 240 
cap/cap_3/cap_3_1_211.png 191 164 411 311 301 238 
cap/cap_3/cap_3_1_216.png 196 165 420 311 308 238 
cap/cap_3/cap_3_2_1.png 233 181 445 365 339 273 
cap/cap_3/cap_3_2_6.png 229 182 445 359 337 271 
cap/cap_3/cap_3_2_11.png 227 185 446 351 337 268 
cap/cap_3/cap_3_2_16.png 226 188 445 351 336 270 
cap/cap_3/cap_3_2_21.png 227 190 448 357 338 274 
cap/cap_3/cap_3_2_26.png 230 192 448 359 339 276 
cap/cap_3/cap_3_2_31.png 234 194 448 364 341 279 
cap/cap_3/cap_3_2_36.png 239 197 448 367 344 282 
cap/cap_3/cap_3_2_41.png 244 199 445 369 345 284 
cap/cap_3/cap_3_2_46.png 253 200 443 370 348 285 
cap/cap_3/cap_3_2_51.png 256 201 440 373 348 287 
cap/cap_3/cap_3_2_56.png 249 200 439 375 344 288 
cap/cap_3/cap_3_2_61.png 242 200 435 378 339 289 
cap/cap_3/cap_3_2_66.png 233 200 432 377 333 289 
cap/cap_3/cap_3_2_71.png 235 199 422 379 329 289 
cap/cap_3/cap_3_2_76.png 233 198 415 378 324 288 
cap/cap_3/cap_3_2_81.png 232 198 423 374 328 286 
cap/cap_3/cap_3_2_86.png 232 197 432 370 332 284 
cap/cap_3/cap_3_2_91.png 233 195 438 366 336 281 
cap/cap_3/cap_3_2_96.png 232 192 444 360 338 276 
cap/cap_3/cap_3_2_101.png 226 191 446 353 336 272 
cap/cap_3/cap_3_2_106.png 226 189 450 347 338 268 
cap/cap_3/cap_3_2_111.png 226 189 452 345 339 267 
cap/cap_3/cap_3_2_116.png 228 187 450 349 339 268 
cap/cap_3/cap_3_2_121.png 233 184 448 354 341 269 
cap/cap_3/cap_3_2_126.png 234 181 445 363 340 272 
cap/cap_3/cap_3_2_131.png 238 180 440 370 339 275 
cap/cap_3/cap_3_2_136.png 239 177 435 373 337 275 
cap/cap_3/cap_3_2_141.png 241 176 427 376 334 276 
cap/cap_3/cap_3_2_146.png 243 177 418 376 331 277 
cap/cap_3/cap_3_2_151.png 246 177 425 375 336 276 
cap/cap_3/cap_3_2_156.png 250 177 432 375 341 276 
cap/cap_3/cap_3_2_161.png 260 178 435 377 348 278 
cap/cap_3/cap_3_2_166.png 259 179 441 378 350 279 
cap/cap_3/cap_3_2_171.png 251 180 443 377 347 279 
cap/cap_3/cap_3_2_176.png 245 180 441 374 343 277 
cap/cap_3/cap_3_2_181.png 238 181 443 371 341 276 
cap/cap_3/cap_3_2_186.png 233 181 445 365 339 273 
cap/cap_3/cap_3_2_191.png 228 183 446 356 337 270 
cap/cap_3/cap_3_2_196.png 224 185 446 351 335 268 
cap/cap_3/cap_3_2_201.png 226 187 447 350 337 269 
cap/cap_3/cap_3_2_206.png 227 190 448 354 338 272 
cap/cap_3/cap_3_4_1.png 212 155 417 314 315 235 
cap/cap_3/cap_3_4_6.png 211 156 417 320 314 238 
cap/cap_3/cap_3_4_11.png 212 158 417 322 315 240 
cap/cap_3/cap_3_4_16.png 212 161 417 324 315 243 
cap/cap_3/cap_3_4_21.png 214 163 417 324 316 244 
cap/cap_3/cap_3_4_26.png 218 166 420 323 319 245 
cap/cap_3/cap_3_4_31.png 226 168 417 321 322 245 
cap/cap_3/cap_3_4_36.png 231 170 416 322 324 246 
cap/cap_3/cap_3_4_41.png 243 162 413 324 328 243 
cap/cap_3/cap_3_4_46.png 246 158 411 329 329 244 
cap/cap_3/cap_3_4_51.png 238 155 409 337 324 246 
cap/cap_3/cap_3_4_56.png 236 158 404 339 320 249 
cap/cap_3/cap_3_4_61.png 233 159 401 338 317 249 
cap/cap_3/cap_3_4_66.png 230 163 398 339 314 251 
cap/cap_3/cap_3_4_71.png 231 165 404 336 318 251 
cap/cap_3/cap_3_4_76.png 231 166 411 333 321 250 
cap/cap_3/cap_3_4_81.png 228 163 417 330 323 247 
cap/cap_3/cap_3_4_86.png 231 159 424 326 328 243 
cap/cap_3/cap_3_4_91.png 231 158 429 321 330 240 
cap/cap_3/cap_3_4_96.png 227 155 433 317 330 236 
cap/cap_3/cap_3_4_101.png 225 154 435 314 330 234 
cap/cap_3/cap_3_4_106.png 223 153 435 312 329 233 
cap/cap_3/cap_3_4_111.png 223 151 436 309 330 230 
cap/cap_3/cap_3_4_116.png 226 148 434 318 330 233 
cap/cap_3/cap_3_4_121.png 228 148 431 329 330 239 
cap/cap_3/cap_3_4_126.png 231 148 425 336 328 242 
cap/cap_3/cap_3_4_131.png 234 147 416 342 325 245 
cap/cap_3/cap_3_4_136.png 237 147 408 346 323 247 
cap/cap_3/cap_3_4_141.png 239 146 402 348 321 247 
cap/cap_3/cap_3_4_146.png 240 146 408 349 324 248 
cap/cap_3/cap_3_4_151.png 244 146 413 351 329 249 
cap/cap_3/cap_3_4_156.png 248 146 415 354 332 250 
cap/cap_3/cap_3_4_161.png 246 146 417 351 332 249 
cap/cap_3/cap_3_4_166.png 236 147 418 347 327 247 
cap/cap_3/cap_3_4_171.png 227 147 416 339 322 243 
cap/cap_3/cap_3_4_176.png 219 150 417 330 318 240 
cap/cap_3/cap_3_4_181.png 214 152 419 319 317 236 
cap/cap_3/cap_3_4_186.png 212 156 418 315 315 236 
cap/cap_3/cap_3_4_191.png 212 158 418 320 315 239 
cap/cap_3/cap_3_4_196.png 212 159 422 323 317 241 
cap/cap_4/cap_4_1_1.png 211 171 413 334 312 253 
cap/cap_4/cap_4_1_6.png 212 172 420 329 316 251 
cap/cap_4/cap_4_1_11.png 206 174 428 323 317 249 
cap/cap_4/cap_4_1_16.png 204 176 433 319 319 248 
cap/cap_4/cap_4_1_21.png 200 179 433 319 317 249 
cap/cap_4/cap_4_1_26.png 201 178 430 319 316 249 
cap/cap_4/cap_4_1_31.png 201 183 433 322 317 253 
cap/cap_4/cap_4_1_36.png 201 185 434 327 318 256 
cap/cap_4/cap_4_1_41.png 206 186 435 330 321 258 
cap/cap_4/cap_4_1_46.png 209 189 436 331 323 260 
cap/cap_4/cap_4_1_51.png 218 191 433 334 326 263 
cap/cap_4/cap_4_1_56.png 228 193 427 336 328 265 
cap/cap_4/cap_4_1_61.png 233 195 417 338 325 267 
cap/cap_4/cap_4_1_66.png 218 194 412 338 315 266 
cap/cap_4/cap_4_1_71.png 214 194 411 341 313 268 
cap/cap_4/cap_4_1_76.png 211 195 406 343 309 269 
cap/cap_4/cap_4_1_81.png 209 194 394 342 302 268 
cap/cap_4/cap_4_1_86.png 209 192 398 339 304 266 
cap/cap_4/cap_4_1_91.png 205 190 406 338 306 264 
cap/cap_4/cap_4_1_96.png 201 190 413 333 307 262 
cap/cap_4/cap_4_1_101.png 197 187 421 335 309 261 
cap/cap_4/cap_4_1_106.png 200 184 424 327 312 256 
cap/cap_4/cap_4_1_111.png 197 182 427 323 312 253 
cap/cap_4/cap_4_1_116.png 195 181 428 321 312 251 
cap/cap_4/cap_4_1_121.png 192 180 428 315 310 248 
cap/cap_4/cap_4_1_126.png 194 177 427 316 311 247 
cap/cap_4/cap_4_1_131.png 196 175 427 319 312 247 
cap/cap_4/cap_4_1_136.png 201 172 427 326 314 249 
cap/cap_4/cap_4_1_141.png 212 172 420 330 316 251 
cap/cap_4/cap_4_1_146.png 217 170 418 334 318 252 
cap/cap_4/cap_4_1_151.png 220 170 410 337 315 254 
cap/cap_4/cap_4_1_156.png 223 166 399 337 311 252 
cap/cap_4/cap_4_1_161.png 230 168 401 336 316 252 
cap/cap_4/cap_4_1_166.png 239 168 408 335 324 252 
cap/cap_4/cap_4_1_171.png 235 167 411 338 323 253 
cap/cap_4/cap_4_1_176.png 225 169 413 338 319 254 
cap/cap_4/cap_4_1_181.png 218 171 415 336 317 254 
cap/cap_4/cap_4_1_186.png 209 171 417 334 313 253 
cap/cap_4/cap_4_1_191.png 206 173 423 328 315 251 
cap/cap_4/cap_4_1_196.png 204 174 429 323 317 249 
cap/cap_4/cap_4_1_201.png 202 178 433 319 318 249 
cap/cap_4/cap_4_1_206.png 200 178 433 318 317 248 
cap/cap_4/cap_4_1_211.png 202 183 434 322 318 253 
cap/cap_4/cap_4_2_1.png 234 185 437 371 336 278 
cap/cap_4/cap_4_2_6.png 230 187 436 363 333 275 
cap/cap_4/cap_4_2_11.png 228 188 445 358 337 273 
cap/cap_4/cap_4_2_16.png 227 189 449 353 338 271 
cap/cap_4/cap_4_2_21.png 225 189 456 351 341 270 
cap/cap_4/cap_4_2_26.png 224 191 452 353 338 272 
cap/cap_4/cap_4_2_31.png 227 193 449 355 338 274 
cap/cap_4/cap_4_2_36.png 227 199 459 357 343 278 
cap/cap_4/cap_4_2_41.png 231 200 460 361 346 281 
cap/cap_4/cap_4_2_46.png 238 200 460 364 349 282 
cap/cap_4/cap_4_2_51.png 242 206 461 368 352 287 
cap/cap_4/cap_4_2_56.png 250 206 456 373 353 290 
cap/cap_4/cap_4_2_61.png 258 208 448 376 353 292 
cap/cap_4/cap_4_2_66.png 258 208 448 377 353 293 
cap/cap_4/cap_4_2_71.png 254 208 441 382 348 295 
cap/cap_4/cap_4_2_76.png 249 207 433 386 341 297 
cap/cap_4/cap_4_2_81.png 248 207 426 389 337 298 
cap/cap_4/cap_4_2_86.png 243 207 419 391 331 299 
cap/cap_4/cap_4_2_91.png 242 207 427 388 335 298 
cap/cap_4/cap_4_2_96.png 236 207 433 385 335 296 
cap/cap_4/cap_4_2_101.png 230 207 439 380 335 294 
cap/cap_4/cap_4_2_106.png 228 205 446 373 337 289 
cap/cap_4/cap_4_2_111.png 228 203 450 365 339 284 
cap/cap_4/cap_4_2_116.png 223 201 453 357 338 279 
cap/cap_4/cap_4_2_121.png 218 199 454 349 336 274 
cap/cap_4/cap_4_2_126.png 216 196 453 353 335 275 
cap/cap_4/cap_4_2_131.png 216 194 450 355 333 275 
cap/cap_4/cap_4_2_136.png 220 193 449 361 335 277 
cap/cap_4/cap_4_2_141.png 224 190 447 367 336 279 
cap/cap_4/cap_4_2_146.png 229 186 443 374 336 280 
cap/cap_4/cap_4_2_151.png 233 185 437 376 335 281 
cap/cap_4/cap_4_2_156.png 239 183 422 378 331 281 
cap/cap_4/cap_4_2_161.png 244 182 415 378 330 280 
cap/cap_4/cap_4_2_166.png 249 182 422 379 336 281 
cap/cap_4/cap_4_2_171.png 258 181 427 380 343 281 
cap/cap_4/cap_4_2_176.png 254 182 431 381 343 282 
cap/cap_4/cap_4_2_181.png 245 183 432 378 339 281 
cap/cap_4/cap_4_2_186.png 236 184 433 375 335 280 
cap/cap_4/cap_4_2_191.png 235 185 437 372 336 279 
cap/cap_4/cap_4_2_196.png 230 186 442 364 336 275 
cap/cap_4/cap_4_2_201.png 228 187 447 358 338 273 
cap/cap_4/cap_4_2_206.png 227 189 450 354 339 272 
cap/cap_4/cap_4_2_211.png 225 190 456 351 341 271 
cap/cap_4/cap_4_4_1.png 221 160 423 324 322 242 
cap/cap_4/cap_4_4_6.png 218 161 428 319 323 240 
cap/cap_4/cap_4_4_11.png 216 162 427 318 322 240 
cap/cap_4/cap_4_4_16.png 216 164 426 320 321 242 
cap/cap_4/cap_4_4_21.png 216 166 431 325 324 246 
cap/cap_4/cap_4_4_26.png 218 168 432 326 325 247 
cap/cap_4/cap_4_4_31.png 219 170 429 328 324 249 
cap/cap_4/cap_4_4_36.png 223 176 434 327 329 252 
cap/cap_4/cap_4_4_41.png 228 174 426 330 327 252 
cap/cap_4/cap_4_4_46.png 239 168 424 336 332 252 
cap/cap_4/cap_4_4_51.png 248 165 415 341 332 253 
cap/cap_4/cap_4_4_56.png 243 163 412 347 328 255 
cap/cap_4/cap_4_4_61.png 237 163 408 354 323 259 
cap/cap_4/cap_4_4_66.png 237 163 405 355 321 259 
cap/cap_4/cap_4_4_71.png 236 163 399 356 318 260 
cap/cap_4/cap_4_4_76.png 231 165 395 356 313 261 
cap/cap_4/cap_4_4_81.png 228 168 405 353 317 261 
cap/cap_4/cap_4_4_86.png 228 170 409 350 319 260 
cap/cap_4/cap_4_4_91.png 226 173 415 344 321 259 
cap/cap_4/cap_4_4_96.png 221 173 420 337 321 255 
cap/cap_4/cap_4_4_101.png 220 169 425 330 323 250 
cap/cap_4/cap_4_4_106.png 219 166 426 325 323 246 
cap/cap_4/cap_4_4_111.png 213 164 429 321 321 243 
cap/cap_4/cap_4_4_116.png 211 162 431 318 321 240 
cap/cap_4/cap_4_4_121.png 210 160 431 313 321 237 
cap/cap_4/cap_4_4_126.png 211 158 431 311 321 235 
cap/cap_4/cap_4_4_131.png 212 156 430 317 321 237 
cap/cap_4/cap_4_4_136.png 215 154 427 326 321 240 
cap/cap_4/cap_4_4_141.png 219 148 424 331 322 240 
cap/cap_4/cap_4_4_146.png 227 147 421 337 324 242 
cap/cap_4/cap_4_4_151.png 230 146 412 341 321 244 
cap/cap_4/cap_4_4_156.png 236 145 404 343 320 244 
cap/cap_4/cap_4_4_161.png 240 143 401 344 321 244 
cap/cap_4/cap_4_4_166.png 245 143 409 343 327 243 
cap/cap_4/cap_4_4_171.png 254 145 414 345 334 245 
cap/cap_4/cap_4_4_176.png 245 149 415 345 330 247 
cap/cap_4/cap_4_4_181.png 239 153 416 343 328 248 
cap/cap_4/cap_4_4_186.png 232 157 420 340 326 249 
cap/cap_4/cap_4_4_191.png 228 160 421 335 325 248 
cap/cap_4/cap_4_4_196.png 222 160 421 326 322 243 
cap/cap_4/cap_4_4_201.png 219 161 424 321 322 241 
cap/cap_4/cap_4_4_206.png 216 161 429 319 323 240 
