713 1
soda_can/soda_can_1/soda_can_1_1_46.png 273 185 354 300 314 243 0.000000 23.000000
soda_can/soda_can_1/soda_can_1_1_151.png 281 188 357 303 319 246 181.730000 23.000000
soda_can/soda_can_1/soda_can_1_2_41.png 295 209 377 321 336 265 0.000000 38.000000
soda_can/soda_can_1/soda_can_1_2_121.png 301 209 381 327 341 268 184.620000 38.000000
soda_can/soda_can_1/soda_can_1_4_41.png 292 179 362 279 327 229 0.000000 54.000000
soda_can/soda_can_1/soda_can_1_4_141.png 288 179 358 280 323 230 183.670000 54.000000
soda_can/soda_can_1/soda_can_1_1_1.png 272 185 351 302 312 244 282.120000 23.000000
soda_can/soda_can_1/soda_can_1_1_6.png 270 186 351 302 311 244 290.770000 23.000000
soda_can/soda_can_1/soda_can_1_1_11.png 271 185 350 301 311 243 299.420000 23.000000
soda_can/soda_can_1/soda_can_1_1_16.png 272 185 350 300 311 243 308.080000 23.000000
soda_can/soda_can_1/soda_can_1_1_21.png 270 185 353 301 312 243 316.730000 23.000000
soda_can/soda_can_1/soda_can_1_1_26.png 267 183 352 300 310 242 325.380000 23.000000
soda_can/soda_can_1/soda_can_1_1_31.png 269 183 353 300 311 242 334.040000 23.000000
soda_can/soda_can_1/soda_can_1_1_36.png 269 185 353 301 311 243 342.690000 23.000000
soda_can/soda_can_1/soda_can_1_1_41.png 272 184 354 300 313 242 351.350000 23.000000
soda_can/soda_can_1/soda_can_1_1_51.png 275 185 354 300 315 243 8.653900 23.000000
soda_can/soda_can_1/soda_can_1_1_56.png 276 185 354 300 315 243 17.308000 23.000000
soda_can/soda_can_1/soda_can_1_1_61.png 275 185 353 300 314 243 25.962000 23.000000
soda_can/soda_can_1/soda_can_1_1_66.png 277 185 356 300 317 243 34.615000 23.000000
soda_can/soda_can_1/soda_can_1_1_71.png 277 185 357 300 317 243 43.269000 23.000000
soda_can/soda_can_1/soda_can_1_1_76.png 276 184 356 300 316 242 51.923000 23.000000
soda_can/soda_can_1/soda_can_1_1_81.png 277 185 357 300 317 243 60.577000 23.000000
soda_can/soda_can_1/soda_can_1_1_86.png 278 184 358 301 318 243 69.231000 23.000000
soda_can/soda_can_1/soda_can_1_1_91.png 278 184 358 301 318 243 77.885000 23.000000
soda_can/soda_can_1/soda_can_1_1_96.png 278 185 358 301 318 243 86.538000 23.000000
soda_can/soda_can_1/soda_can_1_1_101.png 281 186 358 301 320 244 95.192000 23.000000
soda_can/soda_can_1/soda_can_1_1_106.png 277 185 359 301 318 243 103.850000 23.000000
soda_can/soda_can_1/soda_can_1_1_111.png 279 186 358 301 319 244 112.500000 23.000000
soda_can/soda_can_1/soda_can_1_1_116.png 279 185 358 302 319 244 121.150000 23.000000
soda_can/soda_can_1/soda_can_1_1_121.png 279 186 357 302 318 244 129.810000 23.000000
soda_can/soda_can_1/soda_can_1_1_126.png 280 186 355 302 318 244 138.460000 23.000000
soda_can/soda_can_1/soda_can_1_1_131.png 280 186 358 302 319 244 147.120000 23.000000
soda_can/soda_can_1/soda_can_1_1_136.png 280 186 358 302 319 244 155.770000 23.000000
soda_can/soda_can_1/soda_can_1_1_141.png 278 188 357 302 318 245 164.420000 23.000000
soda_can/soda_can_1/soda_can_1_1_146.png 277 188 357 303 317 246 173.080000 23.000000
soda_can/soda_can_1/soda_can_1_1_156.png 277 188 356 303 317 246 190.380000 23.000000
soda_can/soda_can_1/soda_can_1_1_161.png 276 190 355 303 316 247 199.040000 23.000000
soda_can/soda_can_1/soda_can_1_1_166.png 276 189 354 304 315 247 207.690000 23.000000
soda_can/soda_can_1/soda_can_1_1_171.png 276 189 353 303 315 246 216.350000 23.000000
soda_can/soda_can_1/soda_can_1_1_176.png 276 188 352 303 314 246 225.000000 23.000000
soda_can/soda_can_1/soda_can_1_1_181.png 274 186 354 302 314 244 233.650000 23.000000
soda_can/soda_can_1/soda_can_1_1_186.png 274 187 353 303 314 245 242.310000 23.000000
soda_can/soda_can_1/soda_can_1_1_191.png 274 186 353 302 314 244 250.960000 23.000000
soda_can/soda_can_1/soda_can_1_1_196.png 274 186 351 302 313 244 259.620000 23.000000
soda_can/soda_can_1/soda_can_1_1_201.png 276 185 354 302 315 244 268.270000 23.000000
soda_can/soda_can_1/soda_can_1_1_206.png 275 187 352 302 314 245 276.920000 23.000000
soda_can/soda_can_1/soda_can_1_1_211.png 272 185 352 302 312 244 285.580000 23.000000
soda_can/soda_can_1/soda_can_1_1_216.png 273 185 352 301 313 243 294.230000 23.000000
soda_can/soda_can_1/soda_can_1_1_221.png 274 185 352 301 313 243 302.880000 23.000000
soda_can/soda_can_1/soda_can_1_1_226.png 273 185 349 301 311 243 311.540000 23.000000
soda_can/soda_can_1/soda_can_1_2_1.png 292 207 373 325 333 266 267.690000 38.000000
soda_can/soda_can_1/soda_can_1_2_6.png 291 207 372 324 332 266 279.230000 38.000000
soda_can/soda_can_1/soda_can_1_2_11.png 293 207 371 325 332 266 290.770000 38.000000
soda_can/soda_can_1/soda_can_1_2_16.png 293 206 374 324 334 265 302.310000 38.000000
soda_can/soda_can_1/soda_can_1_2_21.png 293 205 372 323 333 264 313.850000 38.000000
soda_can/soda_can_1/soda_can_1_2_26.png 295 204 373 322 334 263 325.380000 38.000000
soda_can/soda_can_1/soda_can_1_2_31.png 296 204 375 322 336 263 336.920000 38.000000
soda_can/soda_can_1/soda_can_1_2_36.png 296 207 373 321 335 264 348.460000 38.000000
soda_can/soda_can_1/soda_can_1_2_46.png 298 205 377 321 338 263 11.539000 38.000000
soda_can/soda_can_1/soda_can_1_2_51.png 301 209 378 321 340 265 23.077000 38.000000
soda_can/soda_can_1/soda_can_1_2_56.png 300 209 377 321 339 265 34.615000 38.000000
soda_can/soda_can_1/soda_can_1_2_61.png 303 208 380 321 342 265 46.154000 38.000000
soda_can/soda_can_1/soda_can_1_2_66.png 302 206 381 319 342 263 57.692000 38.000000
soda_can/soda_can_1/soda_can_1_2_71.png 302 205 381 322 342 264 69.231000 38.000000
soda_can/soda_can_1/soda_can_1_2_76.png 302 204 381 322 342 263 80.769000 38.000000
soda_can/soda_can_1/soda_can_1_2_81.png 303 207 383 323 343 265 92.308000 38.000000
soda_can/soda_can_1/soda_can_1_2_86.png 303 206 384 323 344 265 103.850000 38.000000
soda_can/soda_can_1/soda_can_1_2_91.png 303 207 384 323 344 265 115.390000 38.000000
soda_can/soda_can_1/soda_can_1_2_96.png 303 207 383 324 343 266 126.920000 38.000000
soda_can/soda_can_1/soda_can_1_2_101.png 303 208 384 324 344 266 138.460000 38.000000
soda_can/soda_can_1/soda_can_1_2_106.png 302 209 383 323 343 266 150.000000 38.000000
soda_can/soda_can_1/soda_can_1_2_111.png 302 209 383 325 343 267 161.540000 38.000000
soda_can/soda_can_1/soda_can_1_2_116.png 302 210 382 327 342 269 173.080000 38.000000
soda_can/soda_can_1/soda_can_1_2_126.png 300 209 380 328 340 269 196.150000 38.000000
soda_can/soda_can_1/soda_can_1_2_131.png 300 209 380 328 340 269 207.690000 38.000000
soda_can/soda_can_1/soda_can_1_2_136.png 298 210 379 328 339 269 219.230000 38.000000
soda_can/soda_can_1/soda_can_1_2_141.png 298 211 378 329 338 270 230.770000 38.000000
soda_can/soda_can_1/soda_can_1_2_146.png 294 213 376 327 335 270 242.310000 38.000000
soda_can/soda_can_1/soda_can_1_2_151.png 296 211 377 328 337 270 253.850000 38.000000
soda_can/soda_can_1/soda_can_1_2_156.png 295 209 377 326 336 268 265.380000 38.000000
soda_can/soda_can_1/soda_can_1_2_161.png 295 209 375 327 335 268 276.920000 38.000000
soda_can/soda_can_1/soda_can_1_2_166.png 294 212 373 327 334 270 288.460000 38.000000
soda_can/soda_can_1/soda_can_1_2_171.png 293 208 372 326 333 267 300.000000 38.000000
soda_can/soda_can_1/soda_can_1_2_176.png 292 207 372 325 332 266 311.540000 38.000000
soda_can/soda_can_1/soda_can_1_2_181.png 291 207 373 325 332 266 323.080000 38.000000
soda_can/soda_can_1/soda_can_1_2_186.png 293 206 371 325 332 266 334.620000 38.000000
soda_can/soda_can_1/soda_can_1_2_191.png 292 208 373 324 333 266 346.150000 38.000000
soda_can/soda_can_1/soda_can_1_2_196.png 294 205 374 324 334 265 357.690000 38.000000
soda_can/soda_can_1/soda_can_1_4_1.png 290 179 361 279 326 229 286.530000 54.000000
soda_can/soda_can_1/soda_can_1_4_6.png 292 179 361 279 327 229 295.710000 54.000000
soda_can/soda_can_1/soda_can_1_4_11.png 292 179 362 279 327 229 304.900000 54.000000
soda_can/soda_can_1/soda_can_1_4_16.png 291 179 362 281 327 230 314.080000 54.000000
soda_can/soda_can_1/soda_can_1_4_21.png 292 181 362 281 327 231 323.260000 54.000000
soda_can/soda_can_1/soda_can_1_4_26.png 294 180 362 279 328 230 332.450000 54.000000
soda_can/soda_can_1/soda_can_1_4_31.png 293 179 362 280 328 230 341.630000 54.000000
soda_can/soda_can_1/soda_can_1_4_36.png 293 179 362 279 328 229 350.820000 54.000000
soda_can/soda_can_1/soda_can_1_4_46.png 294 180 361 281 328 231 9.183700 54.000000
soda_can/soda_can_1/soda_can_1_4_51.png 292 179 360 279 326 229 18.367000 54.000000
soda_can/soda_can_1/soda_can_1_4_56.png 291 179 361 279 326 229 27.551000 54.000000
soda_can/soda_can_1/soda_can_1_4_61.png 292 179 360 280 326 230 36.735000 54.000000
soda_can/soda_can_1/soda_can_1_4_66.png 291 179 361 280 326 230 45.918000 54.000000
soda_can/soda_can_1/soda_can_1_4_71.png 290 180 361 280 326 230 55.102000 54.000000
soda_can/soda_can_1/soda_can_1_4_76.png 293 180 361 280 327 230 64.286000 54.000000
soda_can/soda_can_1/soda_can_1_4_81.png 292 180 361 279 327 230 73.469000 54.000000
soda_can/soda_can_1/soda_can_1_4_86.png 292 180 360 278 326 229 82.653000 54.000000
soda_can/soda_can_1/soda_can_1_4_91.png 292 180 359 279 326 230 91.837000 54.000000
soda_can/soda_can_1/soda_can_1_4_96.png 292 179 359 279 326 229 101.020000 54.000000
soda_can/soda_can_1/soda_can_1_4_101.png 292 179 359 279 326 229 110.200000 54.000000
soda_can/soda_can_1/soda_can_1_4_106.png 292 179 359 279 326 229 119.390000 54.000000
soda_can/soda_can_1/soda_can_1_4_111.png 292 179 359 280 326 230 128.570000 54.000000
soda_can/soda_can_1/soda_can_1_4_116.png 292 181 359 280 326 231 137.750000 54.000000
soda_can/soda_can_1/soda_can_1_4_121.png 292 180 359 280 326 230 146.940000 54.000000
soda_can/soda_can_1/soda_can_1_4_126.png 292 180 359 280 326 230 156.120000 54.000000
soda_can/soda_can_1/soda_can_1_4_131.png 290 179 359 280 325 230 165.310000 54.000000
soda_can/soda_can_1/soda_can_1_4_136.png 292 178 359 280 326 229 174.490000 54.000000
soda_can/soda_can_1/soda_can_1_4_146.png 292 178 358 280 325 229 192.860000 54.000000
soda_can/soda_can_1/soda_can_1_4_151.png 292 178 358 279 325 229 202.040000 54.000000
soda_can/soda_can_1/soda_can_1_4_156.png 292 178 359 279 326 229 211.220000 54.000000
soda_can/soda_can_1/soda_can_1_4_161.png 292 178 358 279 325 229 220.410000 54.000000
soda_can/soda_can_1/soda_can_1_4_166.png 289 178 359 278 324 228 229.590000 54.000000
soda_can/soda_can_1/soda_can_1_4_171.png 293 177 359 278 326 228 238.780000 54.000000
soda_can/soda_can_1/soda_can_1_4_176.png 290 178 361 279 326 229 247.960000 54.000000
soda_can/soda_can_1/soda_can_1_4_181.png 293 177 360 279 327 228 257.140000 54.000000
soda_can/soda_can_1/soda_can_1_4_186.png 290 177 359 279 325 228 266.330000 54.000000
soda_can/soda_can_1/soda_can_1_4_191.png 290 178 361 279 326 229 275.510000 54.000000
soda_can/soda_can_1/soda_can_1_4_196.png 290 179 361 279 326 229 284.690000 54.000000
soda_can/soda_can_1/soda_can_1_4_201.png 291 179 361 279 326 229 293.880000 54.000000
soda_can/soda_can_2/soda_can_2_1_1.png 281 192 352 298 317 245 148.240000 23.000000
soda_can/soda_can_2/soda_can_2_1_6.png 282 191 352 299 317 245 157.060000 23.000000
soda_can/soda_can_2/soda_can_2_1_11.png 282 192 351 298 317 245 165.880000 23.000000
soda_can/soda_can_2/soda_can_2_1_16.png 282 192 350 298 316 245 174.710000 23.000000
soda_can/soda_can_2/soda_can_2_1_21.png 282 193 354 299 318 246 183.530000 23.000000
soda_can/soda_can_2/soda_can_2_1_26.png 283 192 354 299 319 246 192.350000 23.000000
soda_can/soda_can_2/soda_can_2_1_31.png 277 184 358 299 318 242 201.180000 23.000000
soda_can/soda_can_2/soda_can_2_1_36.png 277 184 358 300 318 242 210.000000 23.000000
soda_can/soda_can_2/soda_can_2_1_41.png 281 184 359 301 320 243 218.820000 23.000000
soda_can/soda_can_2/soda_can_2_1_46.png 280 185 358 301 319 243 227.650000 23.000000
soda_can/soda_can_2/soda_can_2_1_51.png 280 184 357 301 319 243 236.470000 23.000000
soda_can/soda_can_2/soda_can_2_1_56.png 278 185 358 302 318 244 245.290000 23.000000
soda_can/soda_can_2/soda_can_2_1_61.png 278 187 358 301 318 244 254.120000 23.000000
soda_can/soda_can_2/soda_can_2_1_66.png 278 186 358 301 318 244 262.940000 23.000000
soda_can/soda_can_2/soda_can_2_1_71.png 278 186 355 302 317 244 271.760000 23.000000
soda_can/soda_can_2/soda_can_2_1_76.png 280 186 358 303 319 245 280.590000 23.000000
soda_can/soda_can_2/soda_can_2_1_81.png 279 187 358 303 319 245 289.410000 23.000000
soda_can/soda_can_2/soda_can_2_1_86.png 277 188 359 304 318 246 298.240000 23.000000
soda_can/soda_can_2/soda_can_2_1_91.png 275 189 354 303 315 246 307.060000 23.000000
soda_can/soda_can_2/soda_can_2_1_96.png 274 188 358 303 316 246 315.880000 23.000000
soda_can/soda_can_2/soda_can_2_1_101.png 274 187 356 303 315 245 324.710000 23.000000
soda_can/soda_can_2/soda_can_2_1_106.png 275 188 356 303 316 246 333.530000 23.000000
soda_can/soda_can_2/soda_can_2_1_111.png 275 189 354 303 315 246 342.350000 23.000000
soda_can/soda_can_2/soda_can_2_1_116.png 275 187 354 302 315 245 351.180000 23.000000
soda_can/soda_can_2/soda_can_2_1_121.png 274 187 353 302 314 245 0.000000 23.000000
soda_can/soda_can_2/soda_can_2_1_126.png 274 186 352 303 313 245 8.823500 23.000000
soda_can/soda_can_2/soda_can_2_1_131.png 272 186 352 303 312 245 17.647000 23.000000
soda_can/soda_can_2/soda_can_2_1_136.png 273 186 353 302 313 244 26.471000 23.000000
soda_can/soda_can_2/soda_can_2_1_141.png 275 186 353 302 314 244 35.294000 23.000000
soda_can/soda_can_2/soda_can_2_1_146.png 275 186 352 302 314 244 44.118000 23.000000
soda_can/soda_can_2/soda_can_2_1_151.png 272 186 352 301 312 244 52.941000 23.000000
soda_can/soda_can_2/soda_can_2_1_156.png 273 186 349 301 311 244 61.765000 23.000000
soda_can/soda_can_2/soda_can_2_1_161.png 272 188 352 301 312 245 70.588000 23.000000
soda_can/soda_can_2/soda_can_2_1_166.png 270 186 348 300 309 243 79.412000 23.000000
soda_can/soda_can_2/soda_can_2_1_171.png 272 185 346 300 309 243 88.235000 23.000000
soda_can/soda_can_2/soda_can_2_1_176.png 272 185 350 300 311 243 97.059000 23.000000
soda_can/soda_can_2/soda_can_2_1_181.png 272 184 351 299 312 242 105.880000 23.000000
soda_can/soda_can_2/soda_can_2_1_186.png 274 187 352 299 313 243 114.710000 23.000000
soda_can/soda_can_2/soda_can_2_1_191.png 274 185 352 299 313 242 123.530000 23.000000
soda_can/soda_can_2/soda_can_2_1_196.png 278 184 353 298 316 241 132.350000 23.000000
soda_can/soda_can_2/soda_can_2_1_201.png 278 184 354 299 316 242 141.180000 23.000000
soda_can/soda_can_2/soda_can_2_1_206.png 274 184 354 299 314 242 150.000000 23.000000
soda_can/soda_can_2/soda_can_2_2_1.png 296 211 376 328 336 270 145.710000 38.000000
soda_can/soda_can_2/soda_can_2_2_6.png 298 211 376 328 337 270 156.430000 38.000000
soda_can/soda_can_2/soda_can_2_2_11.png 297 212 376 328 337 270 167.140000 38.000000
soda_can/soda_can_2/soda_can_2_2_16.png 297 210 376 328 337 269 177.860000 38.000000
soda_can/soda_can_2/soda_can_2_2_21.png 296 210 377 328 337 269 188.570000 38.000000
soda_can/soda_can_2/soda_can_2_2_26.png 295 212 376 327 336 270 199.290000 38.000000
soda_can/soda_can_2/soda_can_2_2_31.png 295 213 375 327 335 270 210.000000 38.000000
soda_can/soda_can_2/soda_can_2_2_36.png 294 208 375 326 335 267 220.710000 38.000000
soda_can/soda_can_2/soda_can_2_2_41.png 293 207 374 326 334 267 231.430000 38.000000
soda_can/soda_can_2/soda_can_2_2_46.png 294 207 373 326 334 267 242.140000 38.000000
soda_can/soda_can_2/soda_can_2_2_51.png 294 207 374 325 334 266 252.860000 38.000000
soda_can/soda_can_2/soda_can_2_2_56.png 293 207 373 323 333 265 263.570000 38.000000
soda_can/soda_can_2/soda_can_2_2_61.png 295 206 376 323 336 265 274.290000 38.000000
soda_can/soda_can_2/soda_can_2_2_66.png 294 206 372 323 333 265 285.000000 38.000000
soda_can/soda_can_2/soda_can_2_2_71.png 295 206 373 323 334 265 295.710000 38.000000
soda_can/soda_can_2/soda_can_2_2_76.png 296 206 376 323 336 265 306.430000 38.000000
soda_can/soda_can_2/soda_can_2_2_81.png 297 205 375 322 336 264 317.140000 38.000000
soda_can/soda_can_2/soda_can_2_2_86.png 296 204 377 322 337 263 327.860000 38.000000
soda_can/soda_can_2/soda_can_2_2_91.png 298 205 376 322 337 264 338.570000 38.000000
soda_can/soda_can_2/soda_can_2_2_96.png 298 206 378 322 338 264 349.290000 38.000000
soda_can/soda_can_2/soda_can_2_2_101.png 300 206 379 321 340 264 0.000000 38.000000
soda_can/soda_can_2/soda_can_2_2_106.png 302 205 380 322 341 264 10.714000 38.000000
soda_can/soda_can_2/soda_can_2_2_111.png 302 205 380 323 341 264 21.429000 38.000000
soda_can/soda_can_2/soda_can_2_2_116.png 303 205 380 323 342 264 32.143000 38.000000
soda_can/soda_can_2/soda_can_2_2_121.png 301 209 380 324 341 267 42.857000 38.000000
soda_can/soda_can_2/soda_can_2_2_126.png 302 207 382 324 342 266 53.571000 38.000000
soda_can/soda_can_2/soda_can_2_2_131.png 301 207 381 324 341 266 64.286000 38.000000
soda_can/soda_can_2/soda_can_2_2_136.png 303 206 382 325 343 266 75.000000 38.000000
soda_can/soda_can_2/soda_can_2_2_141.png 303 207 383 326 343 267 85.714000 38.000000
soda_can/soda_can_2/soda_can_2_2_146.png 303 207 383 326 343 267 96.429000 38.000000
soda_can/soda_can_2/soda_can_2_2_151.png 303 208 382 326 343 267 107.140000 38.000000
soda_can/soda_can_2/soda_can_2_2_156.png 302 209 380 328 341 269 117.860000 38.000000
soda_can/soda_can_2/soda_can_2_2_161.png 301 210 380 328 341 269 128.570000 38.000000
soda_can/soda_can_2/soda_can_2_2_166.png 300 211 380 328 340 270 139.290000 38.000000
soda_can/soda_can_2/soda_can_2_2_171.png 297 210 379 328 338 269 150.000000 38.000000
soda_can/soda_can_2/soda_can_2_2_176.png 298 212 379 328 339 270 160.710000 38.000000
soda_can/soda_can_2/soda_can_2_4_1.png 293 180 359 281 326 231 160.000000 54.000000
soda_can/soda_can_2/soda_can_2_4_6.png 293 179 359 281 326 230 170.000000 54.000000
soda_can/soda_can_2/soda_can_2_4_11.png 293 179 359 281 326 230 180.000000 54.000000
soda_can/soda_can_2/soda_can_2_4_16.png 289 178 360 281 325 230 190.000000 54.000000
soda_can/soda_can_2/soda_can_2_4_21.png 293 178 359 280 326 229 200.000000 54.000000
soda_can/soda_can_2/soda_can_2_4_26.png 293 179 359 279 326 229 210.000000 54.000000
soda_can/soda_can_2/soda_can_2_4_31.png 293 179 359 279 326 229 220.000000 54.000000
soda_can/soda_can_2/soda_can_2_4_36.png 294 180 359 280 327 230 230.000000 54.000000
soda_can/soda_can_2/soda_can_2_4_41.png 294 179 359 279 327 229 240.000000 54.000000
soda_can/soda_can_2/soda_can_2_4_46.png 288 179 361 277 325 228 250.000000 54.000000
soda_can/soda_can_2/soda_can_2_4_51.png 290 179 360 280 325 230 260.000000 54.000000
soda_can/soda_can_2/soda_can_2_4_56.png 289 179 361 278 325 229 270.000000 54.000000
soda_can/soda_can_2/soda_can_2_4_61.png 294 180 361 278 328 229 280.000000 54.000000
soda_can/soda_can_2/soda_can_2_4_66.png 292 178 360 278 326 228 290.000000 54.000000
soda_can/soda_can_2/soda_can_2_4_71.png 291 179 361 278 326 229 300.000000 54.000000
soda_can/soda_can_2/soda_can_2_4_76.png 289 179 361 279 325 229 310.000000 54.000000
soda_can/soda_can_2/soda_can_2_4_81.png 292 178 359 278 326 228 320.000000 54.000000
soda_can/soda_can_2/soda_can_2_4_86.png 294 178 360 278 327 228 330.000000 54.000000
soda_can/soda_can_2/soda_can_2_4_91.png 290 179 361 277 326 228 340.000000 54.000000
soda_can/soda_can_2/soda_can_2_4_96.png 291 179 362 278 327 229 350.000000 54.000000
soda_can/soda_can_2/soda_can_2_4_101.png 290 179 360 278 325 229 0.000000 54.000000
soda_can/soda_can_2/soda_can_2_4_106.png 291 180 360 279 326 230 10.000000 54.000000
soda_can/soda_can_2/soda_can_2_4_111.png 294 180 359 278 327 229 20.000000 54.000000
soda_can/soda_can_2/soda_can_2_4_116.png 290 180 359 278 325 229 30.000000 54.000000
soda_can/soda_can_2/soda_can_2_4_121.png 291 180 360 279 326 230 40.000000 54.000000
soda_can/soda_can_2/soda_can_2_4_126.png 292 180 360 279 326 230 50.000000 54.000000
soda_can/soda_can_2/soda_can_2_4_131.png 293 180 360 279 327 230 60.000000 54.000000
soda_can/soda_can_2/soda_can_2_4_136.png 292 179 358 279 325 229 70.000000 54.000000
soda_can/soda_can_2/soda_can_2_4_141.png 290 181 360 279 325 230 80.000000 54.000000
soda_can/soda_can_2/soda_can_2_4_146.png 291 180 358 280 325 230 90.000000 54.000000
soda_can/soda_can_2/soda_can_2_4_151.png 291 180 359 280 325 230 100.000000 54.000000
soda_can/soda_can_2/soda_can_2_4_156.png 288 179 359 280 324 230 110.000000 54.000000
soda_can/soda_can_2/soda_can_2_4_161.png 289 179 360 280 325 230 120.000000 54.000000
soda_can/soda_can_2/soda_can_2_4_166.png 293 179 360 280 327 230 130.000000 54.000000
soda_can/soda_can_2/soda_can_2_4_171.png 293 181 359 280 326 231 140.000000 54.000000
soda_can/soda_can_2/soda_can_2_4_176.png 293 181 360 280 327 231 150.000000 54.000000
soda_can/soda_can_2/soda_can_2_4_181.png 293 181 358 280 326 231 160.000000 54.000000
soda_can/soda_can_2/soda_can_2_4_186.png 290 181 359 280 325 231 170.000000 54.000000
soda_can/soda_can_2/soda_can_2_4_191.png 294 179 359 279 327 229 180.000000 54.000000
soda_can/soda_can_2/soda_can_2_4_196.png 294 180 359 279 327 230 190.000000 54.000000
soda_can/soda_can_3/soda_can_3_1_1.png 272 184 353 303 313 244 156.230000 23.000000
soda_can/soda_can_3/soda_can_3_1_6.png 275 184 352 303 314 244 164.720000 23.000000
soda_can/soda_can_3/soda_can_3_1_11.png 273 184 352 303 313 244 173.210000 23.000000
soda_can/soda_can_3/soda_can_3_1_16.png 273 184 352 302 313 243 181.700000 23.000000
soda_can/soda_can_3/soda_can_3_1_21.png 273 184 353 302 313 243 190.190000 23.000000
soda_can/soda_can_3/soda_can_3_1_26.png 272 184 355 303 314 244 198.680000 23.000000
soda_can/soda_can_3/soda_can_3_1_31.png 272 186 354 302 313 244 207.170000 23.000000
soda_can/soda_can_3/soda_can_3_1_36.png 272 186 353 302 313 244 215.660000 23.000000
soda_can/soda_can_3/soda_can_3_1_41.png 276 186 353 301 315 244 224.150000 23.000000
soda_can/soda_can_3/soda_can_3_1_46.png 277 186 351 301 314 244 232.640000 23.000000
soda_can/soda_can_3/soda_can_3_1_51.png 274 188 353 301 314 245 241.130000 23.000000
soda_can/soda_can_3/soda_can_3_1_56.png 275 187 352 302 314 245 249.620000 23.000000
soda_can/soda_can_3/soda_can_3_1_61.png 273 189 352 300 313 245 258.110000 23.000000
soda_can/soda_can_3/soda_can_3_1_66.png 274 187 350 301 312 244 266.600000 23.000000
soda_can/soda_can_3/soda_can_3_1_71.png 275 189 353 299 314 244 275.090000 23.000000
soda_can/soda_can_3/soda_can_3_1_76.png 273 188 353 300 313 244 283.580000 23.000000
soda_can/soda_can_3/soda_can_3_1_81.png 275 187 353 300 314 244 292.070000 23.000000
soda_can/soda_can_3/soda_can_3_1_86.png 275 185 354 301 315 243 300.570000 23.000000
soda_can/soda_can_3/soda_can_3_1_91.png 277 186 356 301 317 244 309.060000 23.000000
soda_can/soda_can_3/soda_can_3_1_96.png 276 185 356 300 316 243 317.550000 23.000000
soda_can/soda_can_3/soda_can_3_1_101.png 277 185 357 300 317 243 326.040000 23.000000
soda_can/soda_can_3/soda_can_3_1_106.png 277 185 357 299 317 242 334.530000 23.000000
soda_can/soda_can_3/soda_can_3_1_111.png 277 185 357 300 317 243 343.020000 23.000000
soda_can/soda_can_3/soda_can_3_1_116.png 278 184 353 300 316 242 351.510000 23.000000
soda_can/soda_can_3/soda_can_3_1_121.png 277 184 356 301 317 243 0.000000 23.000000
soda_can/soda_can_3/soda_can_3_1_126.png 277 184 357 300 317 242 8.490600 23.000000
soda_can/soda_can_3/soda_can_3_1_131.png 278 185 359 301 319 243 16.981000 23.000000
soda_can/soda_can_3/soda_can_3_1_136.png 279 186 358 301 319 244 25.472000 23.000000
soda_can/soda_can_3/soda_can_3_1_141.png 282 185 358 301 320 243 33.962000 23.000000
soda_can/soda_can_3/soda_can_3_1_146.png 283 187 358 302 321 245 42.453000 23.000000
soda_can/soda_can_3/soda_can_3_1_151.png 279 187 358 302 319 245 50.943000 23.000000
soda_can/soda_can_3/soda_can_3_1_156.png 279 187 357 303 318 245 59.434000 23.000000
soda_can/soda_can_3/soda_can_3_1_161.png 278 187 357 302 318 245 67.924000 23.000000
soda_can/soda_can_3/soda_can_3_1_166.png 281 187 357 303 319 245 76.415000 23.000000
soda_can/soda_can_3/soda_can_3_1_171.png 278 187 356 303 317 245 84.906000 23.000000
soda_can/soda_can_3/soda_can_3_1_176.png 277 186 355 303 316 245 93.396000 23.000000
soda_can/soda_can_3/soda_can_3_1_181.png 276 186 356 303 316 245 101.890000 23.000000
soda_can/soda_can_3/soda_can_3_1_186.png 276 185 356 303 316 244 110.380000 23.000000
soda_can/soda_can_3/soda_can_3_1_191.png 274 185 356 303 315 244 118.870000 23.000000
soda_can/soda_can_3/soda_can_3_1_196.png 275 186 355 304 315 245 127.360000 23.000000
soda_can/soda_can_3/soda_can_3_1_201.png 274 187 355 303 315 245 135.850000 23.000000
soda_can/soda_can_3/soda_can_3_2_1.png 302 207 379 324 341 266 135.000000 38.000000
soda_can/soda_can_3/soda_can_3_2_6.png 302 207 377 324 340 266 146.250000 38.000000
soda_can/soda_can_3/soda_can_3_2_11.png 301 207 377 325 339 266 157.500000 38.000000
soda_can/soda_can_3/soda_can_3_2_16.png 301 207 380 325 341 266 168.750000 38.000000
soda_can/soda_can_3/soda_can_3_2_21.png 300 210 380 326 340 268 180.000000 38.000000
soda_can/soda_can_3/soda_can_3_2_26.png 299 210 381 327 340 269 191.250000 38.000000
soda_can/soda_can_3/soda_can_3_2_31.png 300 208 380 326 340 267 202.500000 38.000000
soda_can/soda_can_3/soda_can_3_2_36.png 297 209 379 326 338 268 213.750000 38.000000
soda_can/soda_can_3/soda_can_3_2_41.png 299 211 379 326 339 269 225.000000 38.000000
soda_can/soda_can_3/soda_can_3_2_46.png 298 211 377 326 338 269 236.250000 38.000000
soda_can/soda_can_3/soda_can_3_2_51.png 297 208 376 326 337 267 247.500000 38.000000
soda_can/soda_can_3/soda_can_3_2_56.png 297 208 377 326 337 267 258.750000 38.000000
soda_can/soda_can_3/soda_can_3_2_61.png 296 208 376 326 336 267 270.000000 38.000000
soda_can/soda_can_3/soda_can_3_2_66.png 296 208 376 326 336 267 281.250000 38.000000
soda_can/soda_can_3/soda_can_3_2_71.png 296 208 373 326 335 267 292.500000 38.000000
soda_can/soda_can_3/soda_can_3_2_76.png 292 207 376 326 334 267 303.750000 38.000000
soda_can/soda_can_3/soda_can_3_2_81.png 295 207 374 326 335 267 315.000000 38.000000
soda_can/soda_can_3/soda_can_3_2_86.png 294 207 375 324 335 266 326.250000 38.000000
soda_can/soda_can_3/soda_can_3_2_91.png 295 206 376 324 336 265 337.500000 38.000000
soda_can/soda_can_3/soda_can_3_2_96.png 295 206 376 322 336 264 348.750000 38.000000
soda_can/soda_can_3/soda_can_3_2_101.png 297 207 375 321 336 264 0.000000 38.000000
soda_can/soda_can_3/soda_can_3_2_106.png 297 206 375 323 336 265 11.250000 38.000000
soda_can/soda_can_3/soda_can_3_2_111.png 297 206 376 323 337 265 22.500000 38.000000
soda_can/soda_can_3/soda_can_3_2_116.png 297 206 376 321 337 264 33.750000 38.000000
soda_can/soda_can_3/soda_can_3_2_121.png 296 206 377 322 337 264 45.000000 38.000000
soda_can/soda_can_3/soda_can_3_2_126.png 298 205 374 323 336 264 56.250000 38.000000
soda_can/soda_can_3/soda_can_3_2_131.png 299 206 378 322 339 264 67.500000 38.000000
soda_can/soda_can_3/soda_can_3_2_136.png 301 205 378 322 340 264 78.750000 38.000000
soda_can/soda_can_3/soda_can_3_2_141.png 299 206 378 323 339 265 90.000000 38.000000
soda_can/soda_can_3/soda_can_3_2_146.png 300 207 378 323 339 265 101.250000 38.000000
soda_can/soda_can_3/soda_can_3_2_151.png 301 206 379 323 340 265 112.500000 38.000000
soda_can/soda_can_3/soda_can_3_2_156.png 301 207 380 324 341 266 123.750000 38.000000
soda_can/soda_can_3/soda_can_3_2_161.png 300 207 380 324 340 266 135.000000 38.000000
soda_can/soda_can_3/soda_can_3_4_1.png 291 178 358 279 325 229 114.550000 54.000000
soda_can/soda_can_3/soda_can_3_4_6.png 289 178 359 280 324 229 124.770000 54.000000
soda_can/soda_can_3/soda_can_3_4_11.png 288 178 359 280 324 229 135.000000 54.000000
soda_can/soda_can_3/soda_can_3_4_16.png 291 178 358 280 325 229 145.230000 54.000000
soda_can/soda_can_3/soda_can_3_4_21.png 292 178 359 279 326 229 155.460000 54.000000
soda_can/soda_can_3/soda_can_3_4_26.png 290 178 359 278 325 228 165.680000 54.000000
soda_can/soda_can_3/soda_can_3_4_31.png 292 177 359 278 326 228 175.910000 54.000000
soda_can/soda_can_3/soda_can_3_4_36.png 289 177 359 278 324 228 186.140000 54.000000
soda_can/soda_can_3/soda_can_3_4_41.png 289 175 360 280 325 228 196.360000 54.000000
soda_can/soda_can_3/soda_can_3_4_46.png 291 177 359 279 325 228 206.590000 54.000000
soda_can/soda_can_3/soda_can_3_4_51.png 292 177 361 278 327 228 216.820000 54.000000
soda_can/soda_can_3/soda_can_3_4_56.png 294 177 360 278 327 228 227.040000 54.000000
soda_can/soda_can_3/soda_can_3_4_61.png 294 177 361 279 328 228 237.270000 54.000000
soda_can/soda_can_3/soda_can_3_4_66.png 293 178 363 278 328 228 247.500000 54.000000
soda_can/soda_can_3/soda_can_3_4_71.png 294 179 361 280 328 230 257.730000 54.000000
soda_can/soda_can_3/soda_can_3_4_76.png 292 179 362 279 327 229 267.950000 54.000000
soda_can/soda_can_3/soda_can_3_4_81.png 293 177 362 279 328 228 278.180000 54.000000
soda_can/soda_can_3/soda_can_3_4_86.png 293 180 361 280 327 230 288.410000 54.000000
soda_can/soda_can_3/soda_can_3_4_91.png 289 179 362 279 326 229 298.640000 54.000000
soda_can/soda_can_3/soda_can_3_4_96.png 292 180 361 280 327 230 308.860000 54.000000
soda_can/soda_can_3/soda_can_3_4_101.png 293 181 362 280 328 231 319.090000 54.000000
soda_can/soda_can_3/soda_can_3_4_106.png 289 181 362 280 326 231 329.320000 54.000000
soda_can/soda_can_3/soda_can_3_4_111.png 293 181 362 279 328 230 339.550000 54.000000
soda_can/soda_can_3/soda_can_3_4_116.png 289 181 360 279 325 230 349.770000 54.000000
soda_can/soda_can_3/soda_can_3_4_121.png 294 182 361 280 328 231 0.000000 54.000000
soda_can/soda_can_3/soda_can_3_4_126.png 289 181 361 280 325 231 10.227000 54.000000
soda_can/soda_can_3/soda_can_3_4_131.png 293 182 360 278 327 230 20.454000 54.000000
soda_can/soda_can_3/soda_can_3_4_136.png 292 182 359 279 326 231 30.682000 54.000000
soda_can/soda_can_3/soda_can_3_4_141.png 292 182 359 279 326 231 40.909000 54.000000
soda_can/soda_can_3/soda_can_3_4_146.png 290 181 358 281 324 231 51.136000 54.000000
soda_can/soda_can_3/soda_can_3_4_151.png 291 181 358 280 325 231 61.364000 54.000000
soda_can/soda_can_3/soda_can_3_4_156.png 291 180 358 279 325 230 71.591000 54.000000
soda_can/soda_can_3/soda_can_3_4_161.png 291 180 359 279 325 230 81.818000 54.000000
soda_can/soda_can_3/soda_can_3_4_166.png 290 181 359 279 325 230 92.046000 54.000000
soda_can/soda_can_3/soda_can_3_4_171.png 291 181 358 279 325 230 102.270000 54.000000
soda_can/soda_can_3/soda_can_3_4_176.png 291 179 359 279 325 229 112.500000 54.000000
soda_can/soda_can_3/soda_can_3_4_181.png 288 178 359 281 324 230 122.730000 54.000000
soda_can/soda_can_3/soda_can_3_4_186.png 292 178 359 281 326 230 132.960000 54.000000
soda_can/soda_can_3/soda_can_3_4_191.png 292 178 359 279 326 229 143.180000 54.000000
soda_can/soda_can_4/soda_can_4_1_1.png 279 188 360 304 320 246 285.000000 23.000000
soda_can/soda_can_4/soda_can_4_1_6.png 276 188 356 306 316 247 294.380000 23.000000
soda_can/soda_can_4/soda_can_4_1_11.png 276 189 356 305 316 247 303.750000 23.000000
soda_can/soda_can_4/soda_can_4_1_16.png 276 188 356 304 316 246 313.120000 23.000000
soda_can/soda_can_4/soda_can_4_1_21.png 276 189 356 305 316 247 322.500000 23.000000
soda_can/soda_can_4/soda_can_4_1_26.png 276 188 355 305 316 247 331.880000 23.000000
soda_can/soda_can_4/soda_can_4_1_31.png 274 188 354 305 314 247 341.250000 23.000000
soda_can/soda_can_4/soda_can_4_1_36.png 272 188 351 305 312 247 350.620000 23.000000
soda_can/soda_can_4/soda_can_4_1_41.png 271 187 352 305 312 246 0.000000 23.000000
soda_can/soda_can_4/soda_can_4_1_46.png 271 188 351 305 311 247 9.375000 23.000000
soda_can/soda_can_4/soda_can_4_1_51.png 273 187 351 304 312 246 18.750000 23.000000
soda_can/soda_can_4/soda_can_4_1_56.png 269 187 350 302 310 245 28.125000 23.000000
soda_can/soda_can_4/soda_can_4_1_61.png 268 186 350 302 309 244 37.500000 23.000000
soda_can/soda_can_4/soda_can_4_1_66.png 269 185 349 302 309 244 46.875000 23.000000
soda_can/soda_can_4/soda_can_4_1_71.png 270 185 348 301 309 243 56.250000 23.000000
soda_can/soda_can_4/soda_can_4_1_76.png 270 185 348 301 309 243 65.625000 23.000000
soda_can/soda_can_4/soda_can_4_1_81.png 270 185 350 300 310 243 75.000000 23.000000
soda_can/soda_can_4/soda_can_4_1_86.png 271 183 349 300 310 242 84.375000 23.000000
soda_can/soda_can_4/soda_can_4_1_91.png 272 183 350 300 311 242 93.750000 23.000000
soda_can/soda_can_4/soda_can_4_1_96.png 273 183 351 299 312 241 103.120000 23.000000
soda_can/soda_can_4/soda_can_4_1_101.png 274 184 352 299 313 242 112.500000 23.000000
soda_can/soda_can_4/soda_can_4_1_106.png 275 184 353 299 314 242 121.880000 23.000000
soda_can/soda_can_4/soda_can_4_1_111.png 275 184 351 298 313 241 131.250000 23.000000
soda_can/soda_can_4/soda_can_4_1_116.png 276 184 357 298 317 241 140.620000 23.000000
soda_can/soda_can_4/soda_can_4_1_121.png 277 184 352 298 315 241 150.000000 23.000000
soda_can/soda_can_4/soda_can_4_1_126.png 278 184 359 298 319 241 159.380000 23.000000
soda_can/soda_can_4/soda_can_4_1_131.png 277 184 359 298 318 241 168.750000 23.000000
soda_can/soda_can_4/soda_can_4_1_136.png 279 184 359 298 319 241 178.120000 23.000000
soda_can/soda_can_4/soda_can_4_1_141.png 279 185 357 300 318 243 187.500000 23.000000
soda_can/soda_can_4/soda_can_4_1_146.png 280 185 360 299 320 242 196.880000 23.000000
soda_can/soda_can_4/soda_can_4_1_151.png 281 184 358 300 320 242 206.250000 23.000000
soda_can/soda_can_4/soda_can_4_1_156.png 282 185 362 302 322 244 215.620000 23.000000
soda_can/soda_can_4/soda_can_4_1_161.png 284 184 362 303 323 244 225.000000 23.000000
soda_can/soda_can_4/soda_can_4_1_166.png 283 186 361 303 322 245 234.380000 23.000000
soda_can/soda_can_4/soda_can_4_1_171.png 282 188 358 303 320 246 243.750000 23.000000
soda_can/soda_can_4/soda_can_4_1_176.png 284 187 362 305 323 246 253.120000 23.000000
soda_can/soda_can_4/soda_can_4_1_181.png 283 187 361 305 322 246 262.500000 23.000000
soda_can/soda_can_4/soda_can_4_1_186.png 280 189 360 305 320 247 271.880000 23.000000
soda_can/soda_can_4/soda_can_4_1_191.png 281 189 358 305 320 247 281.250000 23.000000
soda_can/soda_can_4/soda_can_4_1_196.png 281 189 358 307 320 248 290.620000 23.000000
soda_can/soda_can_4/soda_can_4_1_201.png 279 187 358 306 319 247 300.000000 23.000000
soda_can/soda_can_4/soda_can_4_1_206.png 277 188 355 306 316 247 309.380000 23.000000
soda_can/soda_can_4/soda_can_4_2_1.png 298 206 377 320 338 263 247.500000 38.000000
soda_can/soda_can_4/soda_can_4_2_6.png 300 204 378 319 339 262 258.750000 38.000000
soda_can/soda_can_4/soda_can_4_2_11.png 302 204 377 319 340 262 270.000000 38.000000
soda_can/soda_can_4/soda_can_4_2_16.png 303 205 378 320 341 263 281.250000 38.000000
soda_can/soda_can_4/soda_can_4_2_21.png 304 209 380 320 342 265 292.500000 38.000000
soda_can/soda_can_4/soda_can_4_2_26.png 305 210 383 323 344 267 303.750000 38.000000
soda_can/soda_can_4/soda_can_4_2_31.png 305 208 385 323 345 266 315.000000 38.000000
soda_can/soda_can_4/soda_can_4_2_36.png 306 205 386 324 346 265 326.250000 38.000000
soda_can/soda_can_4/soda_can_4_2_41.png 306 209 386 325 346 267 337.500000 38.000000
soda_can/soda_can_4/soda_can_4_2_46.png 306 208 385 324 346 266 348.750000 38.000000
soda_can/soda_can_4/soda_can_4_2_51.png 306 209 386 326 346 268 0.000000 38.000000
soda_can/soda_can_4/soda_can_4_2_56.png 305 210 385 327 345 269 11.250000 38.000000
soda_can/soda_can_4/soda_can_4_2_61.png 304 210 383 328 344 269 22.500000 38.000000
soda_can/soda_can_4/soda_can_4_2_66.png 304 212 383 329 344 271 33.750000 38.000000
soda_can/soda_can_4/soda_can_4_2_71.png 303 213 384 328 344 271 45.000000 38.000000
soda_can/soda_can_4/soda_can_4_2_76.png 302 213 382 329 342 271 56.250000 38.000000
soda_can/soda_can_4/soda_can_4_2_81.png 301 214 379 328 340 271 67.500000 38.000000
soda_can/soda_can_4/soda_can_4_2_86.png 299 214 380 329 340 272 78.750000 38.000000
soda_can/soda_can_4/soda_can_4_2_91.png 297 213 379 330 338 272 90.000000 38.000000
soda_can/soda_can_4/soda_can_4_2_96.png 294 213 377 330 336 272 101.250000 38.000000
soda_can/soda_can_4/soda_can_4_2_101.png 294 215 375 330 335 273 112.500000 38.000000
soda_can/soda_can_4/soda_can_4_2_106.png 293 215 373 330 333 273 123.750000 38.000000
soda_can/soda_can_4/soda_can_4_2_111.png 291 211 372 330 332 271 135.000000 38.000000
soda_can/soda_can_4/soda_can_4_2_116.png 290 210 370 328 330 269 146.250000 38.000000
soda_can/soda_can_4/soda_can_4_2_121.png 289 210 372 327 331 269 157.500000 38.000000
soda_can/soda_can_4/soda_can_4_2_126.png 289 211 371 327 330 269 168.750000 38.000000
soda_can/soda_can_4/soda_can_4_2_131.png 291 210 371 325 331 268 180.000000 38.000000
soda_can/soda_can_4/soda_can_4_2_136.png 289 209 371 324 330 267 191.250000 38.000000
soda_can/soda_can_4/soda_can_4_2_141.png 291 209 370 323 331 266 202.500000 38.000000
soda_can/soda_can_4/soda_can_4_2_146.png 291 206 369 323 330 265 213.750000 38.000000
soda_can/soda_can_4/soda_can_4_2_151.png 292 206 371 322 332 264 225.000000 38.000000
soda_can/soda_can_4/soda_can_4_2_156.png 293 204 373 322 333 263 236.250000 38.000000
soda_can/soda_can_4/soda_can_4_2_161.png 295 207 372 320 334 264 247.500000 38.000000
soda_can/soda_can_4/soda_can_4_2_166.png 295 205 373 320 334 263 258.750000 38.000000
soda_can/soda_can_4/soda_can_4_2_171.png 296 205 376 320 336 263 270.000000 38.000000
soda_can/soda_can_4/soda_can_4_2_176.png 297 205 376 320 337 263 281.250000 38.000000
soda_can/soda_can_4/soda_can_4_2_181.png 299 206 375 320 337 263 292.500000 38.000000
soda_can/soda_can_4/soda_can_4_4_1.png 296 183 365 279 331 231 271.760000 54.000000
soda_can/soda_can_4/soda_can_4_4_6.png 294 183 365 280 330 232 280.590000 54.000000
soda_can/soda_can_4/soda_can_4_4_11.png 296 183 365 280 331 232 289.410000 54.000000
soda_can/soda_can_4/soda_can_4_4_16.png 294 183 364 281 329 232 298.240000 54.000000
soda_can/soda_can_4/soda_can_4_4_21.png 296 184 364 282 330 233 307.060000 54.000000
soda_can/soda_can_4/soda_can_4_4_26.png 296 184 364 280 330 232 315.880000 54.000000
soda_can/soda_can_4/soda_can_4_4_31.png 296 184 363 283 330 234 324.710000 54.000000
soda_can/soda_can_4/soda_can_4_4_36.png 292 184 363 283 328 234 333.530000 54.000000
soda_can/soda_can_4/soda_can_4_4_41.png 294 183 361 284 328 234 342.350000 54.000000
soda_can/soda_can_4/soda_can_4_4_46.png 294 184 362 283 328 234 351.180000 54.000000
soda_can/soda_can_4/soda_can_4_4_51.png 288 186 361 282 325 234 0.000000 54.000000
soda_can/soda_can_4/soda_can_4_4_56.png 292 185 361 283 327 234 8.823500 54.000000
soda_can/soda_can_4/soda_can_4_4_61.png 292 184 358 284 325 234 17.647000 54.000000
soda_can/soda_can_4/soda_can_4_4_66.png 286 184 358 282 322 233 26.471000 54.000000
soda_can/soda_can_4/soda_can_4_4_71.png 286 184 357 284 322 234 35.294000 54.000000
soda_can/soda_can_4/soda_can_4_4_76.png 289 185 358 283 324 234 44.118000 54.000000
soda_can/soda_can_4/soda_can_4_4_81.png 286 184 358 280 322 232 52.941000 54.000000
soda_can/soda_can_4/soda_can_4_4_86.png 289 183 357 282 323 233 61.765000 54.000000
soda_can/soda_can_4/soda_can_4_4_91.png 289 183 357 280 323 232 70.588000 54.000000
soda_can/soda_can_4/soda_can_4_4_96.png 289 182 356 280 323 231 79.412000 54.000000
soda_can/soda_can_4/soda_can_4_4_101.png 289 181 356 279 323 230 88.235000 54.000000
soda_can/soda_can_4/soda_can_4_4_106.png 289 180 356 279 323 230 97.059000 54.000000
soda_can/soda_can_4/soda_can_4_4_111.png 289 179 357 279 323 229 105.880000 54.000000
soda_can/soda_can_4/soda_can_4_4_116.png 288 179 357 278 323 229 114.710000 54.000000
soda_can/soda_can_4/soda_can_4_4_121.png 285 178 358 278 322 228 123.530000 54.000000
soda_can/soda_can_4/soda_can_4_4_126.png 287 179 358 278 323 229 132.350000 54.000000
soda_can/soda_can_4/soda_can_4_4_131.png 288 177 359 278 324 228 141.180000 54.000000
soda_can/soda_can_4/soda_can_4_4_136.png 289 175 359 278 324 227 150.000000 54.000000
soda_can/soda_can_4/soda_can_4_4_141.png 290 174 360 278 325 226 158.820000 54.000000
soda_can/soda_can_4/soda_can_4_4_146.png 292 176 360 278 326 227 167.650000 54.000000
soda_can/soda_can_4/soda_can_4_4_151.png 292 176 361 276 327 226 176.470000 54.000000
soda_can/soda_can_4/soda_can_4_4_156.png 294 174 362 276 328 225 185.290000 54.000000
soda_can/soda_can_4/soda_can_4_4_161.png 295 174 363 278 329 226 194.120000 54.000000
soda_can/soda_can_4/soda_can_4_4_166.png 295 177 364 278 330 228 202.940000 54.000000
soda_can/soda_can_4/soda_can_4_4_171.png 295 180 364 277 330 229 211.760000 54.000000
soda_can/soda_can_4/soda_can_4_4_176.png 294 181 364 278 329 230 220.590000 54.000000
soda_can/soda_can_4/soda_can_4_4_181.png 295 182 365 279 330 231 229.410000 54.000000
soda_can/soda_can_4/soda_can_4_4_186.png 297 183 365 279 331 231 238.240000 54.000000
soda_can/soda_can_5/soda_can_5_1_1.png 277 185 354 303 316 244 324.000000 23.000000
soda_can/soda_can_5/soda_can_5_1_6.png 277 185 355 303 316 244 333.000000 23.000000
soda_can/soda_can_5/soda_can_5_1_11.png 275 185 355 303 315 244 342.000000 23.000000
soda_can/soda_can_5/soda_can_5_1_16.png 276 185 354 303 315 244 351.000000 23.000000
soda_can/soda_can_5/soda_can_5_1_21.png 275 185 354 303 315 244 0.000000 23.000000
soda_can/soda_can_5/soda_can_5_1_26.png 273 185 353 303 313 244 9.000000 23.000000
soda_can/soda_can_5/soda_can_5_1_31.png 274 186 357 303 316 245 18.000000 23.000000
soda_can/soda_can_5/soda_can_5_1_36.png 274 189 355 303 315 246 27.000000 23.000000
soda_can/soda_can_5/soda_can_5_1_41.png 274 188 355 303 315 246 36.000000 23.000000
soda_can/soda_can_5/soda_can_5_1_46.png 273 187 354 303 314 245 45.000000 23.000000
soda_can/soda_can_5/soda_can_5_1_51.png 274 186 353 303 314 245 54.000000 23.000000
soda_can/soda_can_5/soda_can_5_1_56.png 274 186 354 303 314 245 63.000000 23.000000
soda_can/soda_can_5/soda_can_5_1_61.png 274 190 354 303 314 247 72.000000 23.000000
soda_can/soda_can_5/soda_can_5_1_66.png 274 187 354 303 314 245 81.000000 23.000000
soda_can/soda_can_5/soda_can_5_1_71.png 274 186 354 303 314 245 90.000000 23.000000
soda_can/soda_can_5/soda_can_5_1_76.png 274 185 354 303 314 244 99.000000 23.000000
soda_can/soda_can_5/soda_can_5_1_81.png 274 185 354 303 314 244 108.000000 23.000000
soda_can/soda_can_5/soda_can_5_1_86.png 275 185 353 303 314 244 117.000000 23.000000
soda_can/soda_can_5/soda_can_5_1_91.png 274 185 353 302 314 244 126.000000 23.000000
soda_can/soda_can_5/soda_can_5_1_96.png 277 185 353 302 315 244 135.000000 23.000000
soda_can/soda_can_5/soda_can_5_1_101.png 275 185 353 301 314 243 144.000000 23.000000
soda_can/soda_can_5/soda_can_5_1_106.png 272 186 353 302 313 244 153.000000 23.000000
soda_can/soda_can_5/soda_can_5_1_111.png 274 187 353 301 314 244 162.000000 23.000000
soda_can/soda_can_5/soda_can_5_1_116.png 275 186 353 301 314 244 171.000000 23.000000
soda_can/soda_can_5/soda_can_5_1_121.png 276 186 354 301 315 244 180.000000 23.000000
soda_can/soda_can_5/soda_can_5_1_126.png 275 188 353 301 314 245 189.000000 23.000000
soda_can/soda_can_5/soda_can_5_1_131.png 275 185 356 302 316 244 198.000000 23.000000
soda_can/soda_can_5/soda_can_5_1_136.png 276 184 357 301 317 243 207.000000 23.000000
soda_can/soda_can_5/soda_can_5_1_141.png 277 185 358 302 318 244 216.000000 23.000000
soda_can/soda_can_5/soda_can_5_1_146.png 276 186 358 302 317 244 225.000000 23.000000
soda_can/soda_can_5/soda_can_5_1_151.png 280 186 358 302 319 244 234.000000 23.000000
soda_can/soda_can_5/soda_can_5_1_156.png 277 186 357 302 317 244 243.000000 23.000000
soda_can/soda_can_5/soda_can_5_1_161.png 277 187 357 302 317 245 252.000000 23.000000
soda_can/soda_can_5/soda_can_5_1_166.png 277 186 357 302 317 244 261.000000 23.000000
soda_can/soda_can_5/soda_can_5_1_171.png 278 187 357 302 318 245 270.000000 23.000000
soda_can/soda_can_5/soda_can_5_1_176.png 279 187 354 303 317 245 279.000000 23.000000
soda_can/soda_can_5/soda_can_5_1_181.png 279 187 357 303 318 245 288.000000 23.000000
soda_can/soda_can_5/soda_can_5_1_186.png 278 187 357 303 318 245 297.000000 23.000000
soda_can/soda_can_5/soda_can_5_1_191.png 278 189 356 303 317 246 306.000000 23.000000
soda_can/soda_can_5/soda_can_5_1_196.png 277 192 357 303 317 248 315.000000 23.000000
soda_can/soda_can_5/soda_can_5_1_201.png 279 189 356 303 318 246 324.000000 23.000000
soda_can/soda_can_5/soda_can_5_1_206.png 275 190 355 303 315 247 333.000000 23.000000
soda_can/soda_can_5/soda_can_5_1_211.png 273 188 355 303 314 246 342.000000 23.000000
soda_can/soda_can_5/soda_can_5_1_216.png 275 188 355 303 315 246 351.000000 23.000000
soda_can/soda_can_5/soda_can_5_1_221.png 277 188 357 304 317 246 0.000000 23.000000
soda_can/soda_can_5/soda_can_5_2_1.png 299 205 381 324 340 265 337.500000 38.000000
soda_can/soda_can_5/soda_can_5_2_6.png 303 205 378 324 341 265 348.750000 38.000000
soda_can/soda_can_5/soda_can_5_2_11.png 301 207 377 325 339 266 0.000000 38.000000
soda_can/soda_can_5/soda_can_5_2_16.png 303 207 378 325 341 266 11.250000 38.000000
soda_can/soda_can_5/soda_can_5_2_21.png 302 207 381 325 342 266 22.500000 38.000000
soda_can/soda_can_5/soda_can_5_2_26.png 303 207 382 326 343 267 33.750000 38.000000
soda_can/soda_can_5/soda_can_5_2_31.png 303 207 381 326 342 267 45.000000 38.000000
soda_can/soda_can_5/soda_can_5_2_36.png 302 207 381 328 342 268 56.250000 38.000000
soda_can/soda_can_5/soda_can_5_2_41.png 301 208 378 328 340 268 67.500000 38.000000
soda_can/soda_can_5/soda_can_5_2_46.png 301 209 379 327 340 268 78.750000 38.000000
soda_can/soda_can_5/soda_can_5_2_51.png 300 210 380 328 340 269 90.000000 38.000000
soda_can/soda_can_5/soda_can_5_2_56.png 298 209 379 328 339 269 101.250000 38.000000
soda_can/soda_can_5/soda_can_5_2_61.png 297 209 378 328 338 269 112.500000 38.000000
soda_can/soda_can_5/soda_can_5_2_66.png 296 209 378 328 337 269 123.750000 38.000000
soda_can/soda_can_5/soda_can_5_2_71.png 295 209 377 327 336 268 135.000000 38.000000
soda_can/soda_can_5/soda_can_5_2_76.png 292 209 377 328 335 269 146.250000 38.000000
soda_can/soda_can_5/soda_can_5_2_81.png 295 208 375 327 335 268 157.500000 38.000000
soda_can/soda_can_5/soda_can_5_2_86.png 294 208 375 328 335 268 168.750000 38.000000
soda_can/soda_can_5/soda_can_5_2_91.png 293 207 374 327 334 267 180.000000 38.000000
soda_can/soda_can_5/soda_can_5_2_96.png 293 207 375 327 334 267 191.250000 38.000000
soda_can/soda_can_5/soda_can_5_2_101.png 294 207 376 326 335 267 202.500000 38.000000
soda_can/soda_can_5/soda_can_5_2_106.png 294 207 372 326 333 267 213.750000 38.000000
soda_can/soda_can_5/soda_can_5_2_111.png 294 207 375 325 335 266 225.000000 38.000000
soda_can/soda_can_5/soda_can_5_2_116.png 294 207 371 324 333 266 236.250000 38.000000
soda_can/soda_can_5/soda_can_5_2_121.png 293 206 376 324 335 265 247.500000 38.000000
soda_can/soda_can_5/soda_can_5_2_126.png 296 206 376 324 336 265 258.750000 38.000000
soda_can/soda_can_5/soda_can_5_2_131.png 296 206 376 324 336 265 270.000000 38.000000
soda_can/soda_can_5/soda_can_5_2_136.png 297 204 375 324 336 264 281.250000 38.000000
soda_can/soda_can_5/soda_can_5_2_141.png 298 205 374 324 336 265 292.500000 38.000000
soda_can/soda_can_5/soda_can_5_2_146.png 300 206 378 323 339 265 303.750000 38.000000
soda_can/soda_can_5/soda_can_5_2_151.png 299 205 379 324 339 265 315.000000 38.000000
soda_can/soda_can_5/soda_can_5_2_156.png 300 207 378 324 339 266 326.250000 38.000000
soda_can/soda_can_5/soda_can_5_2_161.png 299 205 381 324 340 265 337.500000 38.000000
soda_can/soda_can_5/soda_can_5_2_166.png 299 206 381 324 340 265 348.750000 38.000000
soda_can/soda_can_5/soda_can_5_2_171.png 301 206 377 324 339 265 0.000000 38.000000
soda_can/soda_can_5/soda_can_5_4_1.png 292 173 362 277 327 225 339.550000 54.000000
soda_can/soda_can_5/soda_can_5_4_6.png 293 175 363 277 328 226 349.770000 54.000000
soda_can/soda_can_5/soda_can_5_4_11.png 294 175 364 277 329 226 0.000000 54.000000
soda_can/soda_can_5/soda_can_5_4_16.png 295 174 364 277 330 226 10.227000 54.000000
soda_can/soda_can_5/soda_can_5_4_21.png 294 175 367 278 331 227 20.454000 54.000000
soda_can/soda_can_5/soda_can_5_4_26.png 296 176 364 279 330 228 30.682000 54.000000
soda_can/soda_can_5/soda_can_5_4_31.png 297 180 365 279 331 230 40.909000 54.000000
soda_can/soda_can_5/soda_can_5_4_36.png 297 181 367 280 332 231 51.136000 54.000000
soda_can/soda_can_5/soda_can_5_4_41.png 295 181 366 281 331 231 61.364000 54.000000
soda_can/soda_can_5/soda_can_5_4_46.png 297 181 366 281 332 231 71.591000 54.000000
soda_can/soda_can_5/soda_can_5_4_51.png 297 183 365 284 331 234 81.818000 54.000000
soda_can/soda_can_5/soda_can_5_4_56.png 295 184 365 284 330 234 92.046000 54.000000
soda_can/soda_can_5/soda_can_5_4_61.png 295 184 364 284 330 234 102.270000 54.000000
soda_can/soda_can_5/soda_can_5_4_66.png 292 184 363 284 328 234 112.500000 54.000000
soda_can/soda_can_5/soda_can_5_4_71.png 292 185 363 285 328 235 122.730000 54.000000
soda_can/soda_can_5/soda_can_5_4_76.png 288 185 360 284 324 235 132.960000 54.000000
soda_can/soda_can_5/soda_can_5_4_81.png 288 184 359 285 324 235 143.180000 54.000000
soda_can/soda_can_5/soda_can_5_4_86.png 287 184 357 284 322 234 153.410000 54.000000
soda_can/soda_can_5/soda_can_5_4_91.png 287 183 357 282 322 233 163.640000 54.000000
soda_can/soda_can_5/soda_can_5_4_96.png 286 183 356 284 321 234 173.860000 54.000000
soda_can/soda_can_5/soda_can_5_4_101.png 284 183 355 284 320 234 184.090000 54.000000
soda_can/soda_can_5/soda_can_5_4_106.png 284 183 356 284 320 234 194.320000 54.000000
soda_can/soda_can_5/soda_can_5_4_111.png 284 182 356 283 320 233 204.540000 54.000000
soda_can/soda_can_5/soda_can_5_4_116.png 284 182 356 282 320 232 214.770000 54.000000
soda_can/soda_can_5/soda_can_5_4_121.png 284 179 356 280 320 230 225.000000 54.000000
soda_can/soda_can_5/soda_can_5_4_126.png 285 177 356 279 321 228 235.230000 54.000000
soda_can/soda_can_5/soda_can_5_4_131.png 284 176 356 278 320 227 245.460000 54.000000
soda_can/soda_can_5/soda_can_5_4_136.png 285 174 356 278 321 226 255.680000 54.000000
soda_can/soda_can_5/soda_can_5_4_141.png 285 175 356 278 321 227 265.910000 54.000000
soda_can/soda_can_5/soda_can_5_4_146.png 286 175 356 278 321 227 276.140000 54.000000
soda_can/soda_can_5/soda_can_5_4_151.png 288 174 359 277 324 226 286.360000 54.000000
soda_can/soda_can_5/soda_can_5_4_156.png 290 174 360 276 325 225 296.590000 54.000000
soda_can/soda_can_5/soda_can_5_4_161.png 289 176 362 276 326 226 306.820000 54.000000
soda_can/soda_can_5/soda_can_5_4_166.png 291 174 361 277 326 226 317.050000 54.000000
soda_can/soda_can_5/soda_can_5_4_171.png 292 173 362 276 327 225 327.270000 54.000000
soda_can/soda_can_5/soda_can_5_4_176.png 293 174 362 276 328 225 337.500000 54.000000
soda_can/soda_can_5/soda_can_5_4_181.png 294 175 363 277 329 226 347.730000 54.000000
soda_can/soda_can_5/soda_can_5_4_186.png 294 175 364 277 329 226 357.950000 54.000000
soda_can/soda_can_5/soda_can_5_4_191.png 291 174 364 277 328 226 8.181800 54.000000
soda_can/soda_can_6/soda_can_6_1_1.png 278 185 357 303 318 244 235.000000 23.000000
soda_can/soda_can_6/soda_can_6_1_6.png 278 185 356 303 317 244 243.330000 23.000000
soda_can/soda_can_6/soda_can_6_1_11.png 278 185 355 304 317 245 251.670000 23.000000
soda_can/soda_can_6/soda_can_6_1_16.png 278 185 355 304 317 245 260.000000 23.000000
soda_can/soda_can_6/soda_can_6_1_21.png 278 185 355 304 317 245 268.330000 23.000000
soda_can/soda_can_6/soda_can_6_1_26.png 278 186 354 304 316 245 276.670000 23.000000
soda_can/soda_can_6/soda_can_6_1_31.png 276 188 357 304 317 246 285.000000 23.000000
soda_can/soda_can_6/soda_can_6_1_36.png 275 188 358 304 317 246 293.330000 23.000000
soda_can/soda_can_6/soda_can_6_1_41.png 275 187 357 304 316 246 301.670000 23.000000
soda_can/soda_can_6/soda_can_6_1_46.png 275 188 357 305 316 247 310.000000 23.000000
soda_can/soda_can_6/soda_can_6_1_51.png 277 188 356 304 317 246 318.330000 23.000000
soda_can/soda_can_6/soda_can_6_1_56.png 275 189 355 304 315 247 326.670000 23.000000
soda_can/soda_can_6/soda_can_6_1_61.png 272 187 354 304 313 246 335.000000 23.000000
soda_can/soda_can_6/soda_can_6_1_66.png 272 187 355 304 314 246 343.330000 23.000000
soda_can/soda_can_6/soda_can_6_1_71.png 272 187 353 304 313 246 351.670000 23.000000
soda_can/soda_can_6/soda_can_6_1_76.png 272 186 353 304 313 245 0.000000 23.000000
soda_can/soda_can_6/soda_can_6_1_81.png 271 185 351 304 311 245 8.333300 23.000000
soda_can/soda_can_6/soda_can_6_1_86.png 271 184 352 303 312 244 16.667000 23.000000
soda_can/soda_can_6/soda_can_6_1_91.png 270 184 352 303 311 244 25.000000 23.000000
soda_can/soda_can_6/soda_can_6_1_96.png 271 184 351 302 311 243 33.333000 23.000000
soda_can/soda_can_6/soda_can_6_1_101.png 273 184 351 302 312 243 41.667000 23.000000
soda_can/soda_can_6/soda_can_6_1_106.png 271 184 352 302 312 243 50.000000 23.000000
soda_can/soda_can_6/soda_can_6_1_111.png 271 184 352 301 312 243 58.333000 23.000000
soda_can/soda_can_6/soda_can_6_1_116.png 271 184 353 301 312 243 66.667000 23.000000
soda_can/soda_can_6/soda_can_6_1_121.png 272 184 349 301 311 243 75.000000 23.000000
soda_can/soda_can_6/soda_can_6_1_126.png 274 184 349 301 312 243 83.333000 23.000000
soda_can/soda_can_6/soda_can_6_1_131.png 273 186 354 301 314 244 91.667000 23.000000
soda_can/soda_can_6/soda_can_6_1_136.png 274 184 354 300 314 242 100.000000 23.000000
soda_can/soda_can_6/soda_can_6_1_141.png 275 184 355 301 315 243 108.330000 23.000000
soda_can/soda_can_6/soda_can_6_1_146.png 276 185 355 300 316 243 116.670000 23.000000
soda_can/soda_can_6/soda_can_6_1_151.png 279 184 358 300 319 242 125.000000 23.000000
soda_can/soda_can_6/soda_can_6_1_156.png 277 185 358 300 318 243 133.330000 23.000000
soda_can/soda_can_6/soda_can_6_1_161.png 278 187 357 301 318 244 141.670000 23.000000
soda_can/soda_can_6/soda_can_6_1_166.png 278 185 358 301 318 243 150.000000 23.000000
soda_can/soda_can_6/soda_can_6_1_171.png 278 184 358 301 318 243 158.330000 23.000000
soda_can/soda_can_6/soda_can_6_1_176.png 277 185 357 302 317 244 166.670000 23.000000
soda_can/soda_can_6/soda_can_6_1_181.png 281 185 360 302 321 244 175.000000 23.000000
soda_can/soda_can_6/soda_can_6_1_186.png 279 185 360 302 320 244 183.330000 23.000000
soda_can/soda_can_6/soda_can_6_1_191.png 279 185 359 302 319 244 191.670000 23.000000
soda_can/soda_can_6/soda_can_6_1_196.png 279 186 359 303 319 245 200.000000 23.000000
soda_can/soda_can_6/soda_can_6_1_201.png 278 186 359 303 319 245 208.330000 23.000000
soda_can/soda_can_6/soda_can_6_1_206.png 280 186 358 303 319 245 216.670000 23.000000
soda_can/soda_can_6/soda_can_6_1_211.png 280 186 358 304 319 245 225.000000 23.000000
soda_can/soda_can_6/soda_can_6_2_1.png 300 206 379 323 340 265 231.430000 38.000000
soda_can/soda_can_6/soda_can_6_2_6.png 301 207 378 323 340 265 242.140000 38.000000
soda_can/soda_can_6/soda_can_6_2_11.png 302 207 379 323 341 265 252.860000 38.000000
soda_can/soda_can_6/soda_can_6_2_16.png 302 207 379 324 341 266 263.570000 38.000000
soda_can/soda_can_6/soda_can_6_2_21.png 302 208 380 324 341 266 274.290000 38.000000
soda_can/soda_can_6/soda_can_6_2_26.png 303 208 384 325 344 267 285.000000 38.000000
soda_can/soda_can_6/soda_can_6_2_31.png 302 209 384 326 343 268 295.710000 38.000000
soda_can/soda_can_6/soda_can_6_2_36.png 303 212 383 326 343 269 306.430000 38.000000
soda_can/soda_can_6/soda_can_6_2_41.png 303 213 384 326 344 270 317.140000 38.000000
soda_can/soda_can_6/soda_can_6_2_46.png 301 213 382 328 342 271 327.860000 38.000000
soda_can/soda_can_6/soda_can_6_2_51.png 300 210 383 328 342 269 338.570000 38.000000
soda_can/soda_can_6/soda_can_6_2_56.png 303 213 381 329 342 271 349.290000 38.000000
soda_can/soda_can_6/soda_can_6_2_61.png 300 215 378 330 339 273 0.000000 38.000000
soda_can/soda_can_6/soda_can_6_2_66.png 301 211 379 330 340 271 10.714000 38.000000
soda_can/soda_can_6/soda_can_6_2_71.png 299 216 380 330 340 273 21.429000 38.000000
soda_can/soda_can_6/soda_can_6_2_76.png 297 216 378 330 338 273 32.143000 38.000000
soda_can/soda_can_6/soda_can_6_2_81.png 296 213 377 330 337 272 42.857000 38.000000
soda_can/soda_can_6/soda_can_6_2_86.png 296 211 376 330 336 271 53.571000 38.000000
soda_can/soda_can_6/soda_can_6_2_91.png 292 211 375 328 334 270 64.286000 38.000000
soda_can/soda_can_6/soda_can_6_2_96.png 293 210 374 328 334 269 75.000000 38.000000
soda_can/soda_can_6/soda_can_6_2_101.png 292 211 374 327 333 269 85.714000 38.000000
soda_can/soda_can_6/soda_can_6_2_106.png 292 210 372 328 332 269 96.429000 38.000000
soda_can/soda_can_6/soda_can_6_2_111.png 291 209 374 326 333 268 107.140000 38.000000
soda_can/soda_can_6/soda_can_6_2_116.png 292 210 372 326 332 268 117.860000 38.000000
soda_can/soda_can_6/soda_can_6_2_121.png 291 210 372 326 332 268 128.570000 38.000000
soda_can/soda_can_6/soda_can_6_2_126.png 292 211 371 324 332 268 139.290000 38.000000
soda_can/soda_can_6/soda_can_6_2_131.png 293 209 372 324 333 267 150.000000 38.000000
soda_can/soda_can_6/soda_can_6_2_136.png 293 210 372 324 333 267 160.710000 38.000000
soda_can/soda_can_6/soda_can_6_2_141.png 294 210 373 324 334 267 171.430000 38.000000
soda_can/soda_can_6/soda_can_6_2_146.png 295 211 375 323 335 267 182.140000 38.000000
soda_can/soda_can_6/soda_can_6_2_151.png 295 211 376 322 336 267 192.860000 38.000000
soda_can/soda_can_6/soda_can_6_2_156.png 297 211 376 322 337 267 203.570000 38.000000
soda_can/soda_can_6/soda_can_6_2_161.png 299 206 378 323 339 265 214.290000 38.000000
soda_can/soda_can_6/soda_can_6_2_166.png 298 207 378 323 338 265 225.000000 38.000000
soda_can/soda_can_6/soda_can_6_2_171.png 300 206 378 323 339 265 235.710000 38.000000
soda_can/soda_can_6/soda_can_6_2_176.png 300 206 381 323 341 265 246.430000 38.000000
soda_can/soda_can_6/soda_can_6_2_181.png 302 206 381 323 342 265 257.140000 38.000000
soda_can/soda_can_6/soda_can_6_4_1.png 289 174 360 277 325 226 245.110000 54.000000
soda_can/soda_can_6/soda_can_6_4_6.png 290 174 361 277 326 226 254.680000 54.000000
soda_can/soda_can_6/soda_can_6_4_11.png 290 173 361 277 326 225 264.250000 54.000000
soda_can/soda_can_6/soda_can_6_4_16.png 290 174 362 277 326 226 273.830000 54.000000
soda_can/soda_can_6/soda_can_6_4_21.png 292 174 363 278 328 226 283.400000 54.000000
soda_can/soda_can_6/soda_can_6_4_26.png 292 175 362 277 327 226 292.980000 54.000000
soda_can/soda_can_6/soda_can_6_4_31.png 293 175 363 278 328 227 302.550000 54.000000
soda_can/soda_can_6/soda_can_6_4_36.png 294 176 363 278 329 227 312.130000 54.000000
soda_can/soda_can_6/soda_can_6_4_41.png 294 179 363 278 329 229 321.700000 54.000000
soda_can/soda_can_6/soda_can_6_4_46.png 294 179 364 279 329 229 331.280000 54.000000
soda_can/soda_can_6/soda_can_6_4_51.png 293 182 364 279 329 231 340.850000 54.000000
soda_can/soda_can_6/soda_can_6_4_56.png 294 181 364 280 329 231 350.430000 54.000000
soda_can/soda_can_6/soda_can_6_4_61.png 295 181 364 280 330 231 0.000000 54.000000
soda_can/soda_can_6/soda_can_6_4_66.png 294 181 364 280 329 231 9.574500 54.000000
soda_can/soda_can_6/soda_can_6_4_71.png 293 182 364 280 329 231 19.149000 54.000000
soda_can/soda_can_6/soda_can_6_4_76.png 294 182 363 281 329 232 28.723000 54.000000
soda_can/soda_can_6/soda_can_6_4_81.png 292 183 363 282 328 233 38.298000 54.000000
soda_can/soda_can_6/soda_can_6_4_86.png 291 184 363 284 327 234 47.872000 54.000000
soda_can/soda_can_6/soda_can_6_4_91.png 290 184 362 284 326 234 57.447000 54.000000
soda_can/soda_can_6/soda_can_6_4_96.png 291 185 361 284 326 235 67.021000 54.000000
soda_can/soda_can_6/soda_can_6_4_101.png 290 185 360 284 325 235 76.596000 54.000000
soda_can/soda_can_6/soda_can_6_4_106.png 289 186 359 284 324 235 86.170000 54.000000
soda_can/soda_can_6/soda_can_6_4_111.png 288 183 358 284 323 234 95.745000 54.000000
soda_can/soda_can_6/soda_can_6_4_116.png 287 184 357 282 322 233 105.320000 54.000000
soda_can/soda_can_6/soda_can_6_4_121.png 288 182 356 281 322 232 114.890000 54.000000
soda_can/soda_can_6/soda_can_6_4_126.png 286 184 356 280 321 232 124.470000 54.000000
soda_can/soda_can_6/soda_can_6_4_131.png 285 183 356 280 321 232 134.040000 54.000000
soda_can/soda_can_6/soda_can_6_4_136.png 284 183 356 281 320 232 143.620000 54.000000
soda_can/soda_can_6/soda_can_6_4_141.png 286 181 356 280 321 231 153.190000 54.000000
soda_can/soda_can_6/soda_can_6_4_146.png 286 180 356 279 321 230 162.770000 54.000000
soda_can/soda_can_6/soda_can_6_4_151.png 286 181 356 279 321 230 172.340000 54.000000
soda_can/soda_can_6/soda_can_6_4_156.png 286 181 356 278 321 230 181.910000 54.000000
soda_can/soda_can_6/soda_can_6_4_161.png 286 181 359 278 323 230 191.490000 54.000000
soda_can/soda_can_6/soda_can_6_4_166.png 288 177 359 278 324 228 201.060000 54.000000
soda_can/soda_can_6/soda_can_6_4_171.png 288 179 360 277 324 228 210.640000 54.000000
soda_can/soda_can_6/soda_can_6_4_176.png 289 174 359 276 324 225 220.210000 54.000000
soda_can/soda_can_6/soda_can_6_4_181.png 288 174 360 277 324 226 229.790000 54.000000
soda_can/soda_can_6/soda_can_6_4_186.png 289 174 361 277 325 226 239.360000 54.000000
soda_can/soda_can_6/soda_can_6_4_191.png 290 173 361 277 326 225 248.940000 54.000000
