958 1
stapler/stapler_1/stapler_1_1_176.png 249 237 367 299 308 268 0.000000 23.000000
stapler/stapler_1/stapler_1_1_96.png 266 239 380 303 323 271 180.000000 23.000000
stapler/stapler_1/stapler_1_2_16.png 275 260 392 319 334 290 0.000000 38.000000
stapler/stapler_1/stapler_1_2_111.png 287 261 400 329 344 295 185.870000 38.000000
stapler/stapler_1/stapler_1_4_16.png 262 226 369 280 316 253 0.000000 54.000000
stapler/stapler_1/stapler_1_4_121.png 279 213 386 274 333 244 181.730000 54.000000
stapler/stapler_1/stapler_1_1_1.png 250 240 368 308 309 274 326.250000 23.000000
stapler/stapler_1/stapler_1_1_6.png 249 242 370 305 310 274 337.500000 23.000000
stapler/stapler_1/stapler_1_1_11.png 249 241 370 301 310 271 348.750000 23.000000
stapler/stapler_1/stapler_1_1_16.png 249 238 367 299 308 269 0.000000 23.000000
stapler/stapler_1/stapler_1_1_21.png 249 235 369 302 309 269 11.250000 23.000000
stapler/stapler_1/stapler_1_1_26.png 255 230 367 305 311 268 22.500000 23.000000
stapler/stapler_1/stapler_1_1_31.png 259 227 365 307 312 267 33.750000 23.000000
stapler/stapler_1/stapler_1_1_36.png 265 225 361 308 313 267 45.000000 23.000000
stapler/stapler_1/stapler_1_1_41.png 270 224 354 310 312 267 56.250000 23.000000
stapler/stapler_1/stapler_1_1_46.png 278 222 350 310 314 266 67.500000 23.000000
stapler/stapler_1/stapler_1_1_51.png 284 221 347 310 316 266 78.750000 23.000000
stapler/stapler_1/stapler_1_1_56.png 288 221 343 311 316 266 90.000000 23.000000
stapler/stapler_1/stapler_1_1_61.png 280 222 347 310 314 266 101.250000 23.000000
stapler/stapler_1/stapler_1_1_66.png 273 223 354 309 314 266 112.500000 23.000000
stapler/stapler_1/stapler_1_1_71.png 269 224 362 307 316 266 123.750000 23.000000
stapler/stapler_1/stapler_1_1_76.png 264 229 372 304 318 267 135.000000 23.000000
stapler/stapler_1/stapler_1_1_81.png 263 232 378 301 321 267 146.250000 23.000000
stapler/stapler_1/stapler_1_1_86.png 262 234 379 307 321 271 157.500000 23.000000
stapler/stapler_1/stapler_1_1_91.png 262 238 380 299 321 269 168.750000 23.000000
stapler/stapler_1/stapler_1_1_101.png 268 240 378 306 323 273 191.250000 23.000000
stapler/stapler_1/stapler_1_1_106.png 270 239 374 310 322 275 202.500000 23.000000
stapler/stapler_1/stapler_1_1_111.png 275 241 369 313 322 277 213.750000 23.000000
stapler/stapler_1/stapler_1_1_116.png 280 239 364 314 322 277 225.000000 23.000000
stapler/stapler_1/stapler_1_1_121.png 282 239 356 316 319 278 236.250000 23.000000
stapler/stapler_1/stapler_1_1_126.png 285 238 352 316 319 277 247.500000 23.000000
stapler/stapler_1/stapler_1_1_131.png 290 238 342 317 316 278 258.750000 23.000000
stapler/stapler_1/stapler_1_1_136.png 285 239 346 317 316 278 270.000000 23.000000
stapler/stapler_1/stapler_1_1_141.png 274 240 352 317 313 279 281.250000 23.000000
stapler/stapler_1/stapler_1_1_146.png 268 238 356 316 312 277 292.500000 23.000000
stapler/stapler_1/stapler_1_1_151.png 261 240 360 315 311 278 303.750000 23.000000
stapler/stapler_1/stapler_1_1_156.png 257 240 364 312 311 276 315.000000 23.000000
stapler/stapler_1/stapler_1_1_161.png 253 242 367 308 310 275 326.250000 23.000000
stapler/stapler_1/stapler_1_1_166.png 249 241 369 305 309 273 337.500000 23.000000
stapler/stapler_1/stapler_1_1_171.png 250 241 369 301 310 271 348.750000 23.000000
stapler/stapler_1/stapler_1_2_1.png 278 259 385 335 332 297 330.650000 38.000000
stapler/stapler_1/stapler_1_2_6.png 277 262 388 331 333 297 340.440000 38.000000
stapler/stapler_1/stapler_1_2_11.png 272 262 391 327 332 295 350.220000 38.000000
stapler/stapler_1/stapler_1_2_21.png 275 255 392 321 334 288 9.782600 38.000000
stapler/stapler_1/stapler_1_2_26.png 277 252 392 325 335 289 19.565000 38.000000
stapler/stapler_1/stapler_1_2_31.png 279 248 392 328 336 288 29.348000 38.000000
stapler/stapler_1/stapler_1_2_36.png 284 243 391 330 338 287 39.130000 38.000000
stapler/stapler_1/stapler_1_2_41.png 286 242 390 333 338 288 48.913000 38.000000
stapler/stapler_1/stapler_1_2_46.png 293 240 387 333 340 287 58.696000 38.000000
stapler/stapler_1/stapler_1_2_51.png 299 239 383 334 341 287 68.478000 38.000000
stapler/stapler_1/stapler_1_2_56.png 304 237 380 336 342 287 78.261000 38.000000
stapler/stapler_1/stapler_1_2_61.png 311 236 375 336 343 286 88.043000 38.000000
stapler/stapler_1/stapler_1_2_66.png 318 236 372 336 345 286 97.826000 38.000000
stapler/stapler_1/stapler_1_2_71.png 314 237 367 337 341 287 107.610000 38.000000
stapler/stapler_1/stapler_1_2_76.png 308 239 375 336 342 288 117.390000 38.000000
stapler/stapler_1/stapler_1_2_81.png 302 239 379 342 341 291 127.170000 38.000000
stapler/stapler_1/stapler_1_2_86.png 295 242 387 341 341 292 136.960000 38.000000
stapler/stapler_1/stapler_1_2_91.png 292 245 393 339 343 292 146.740000 38.000000
stapler/stapler_1/stapler_1_2_96.png 287 249 396 338 342 294 156.520000 38.000000
stapler/stapler_1/stapler_1_2_101.png 287 253 401 328 344 291 166.300000 38.000000
stapler/stapler_1/stapler_1_2_106.png 286 257 401 328 344 293 176.090000 38.000000
stapler/stapler_1/stapler_1_2_116.png 285 263 401 328 343 296 195.650000 38.000000
stapler/stapler_1/stapler_1_2_121.png 286 264 400 331 343 298 205.440000 38.000000
stapler/stapler_1/stapler_1_2_126.png 289 261 395 338 342 300 215.220000 38.000000
stapler/stapler_1/stapler_1_2_131.png 292 260 392 341 342 301 225.000000 38.000000
stapler/stapler_1/stapler_1_2_136.png 296 257 388 343 342 300 234.780000 38.000000
stapler/stapler_1/stapler_1_2_141.png 296 256 381 346 339 301 244.560000 38.000000
stapler/stapler_1/stapler_1_2_146.png 302 256 374 347 338 302 254.350000 38.000000
stapler/stapler_1/stapler_1_2_151.png 305 254 366 347 336 301 264.130000 38.000000
stapler/stapler_1/stapler_1_2_156.png 306 254 361 346 334 300 273.910000 38.000000
stapler/stapler_1/stapler_1_2_161.png 299 254 366 345 333 300 283.700000 38.000000
stapler/stapler_1/stapler_1_2_166.png 292 256 373 344 333 300 293.480000 38.000000
stapler/stapler_1/stapler_1_2_171.png 285 256 377 342 331 299 303.260000 38.000000
stapler/stapler_1/stapler_1_2_176.png 281 257 381 338 331 298 313.040000 38.000000
stapler/stapler_1/stapler_1_2_181.png 277 260 385 335 331 298 322.830000 38.000000
stapler/stapler_1/stapler_1_2_186.png 277 261 389 331 333 296 332.610000 38.000000
stapler/stapler_1/stapler_1_2_191.png 272 263 390 327 331 295 342.390000 38.000000
stapler/stapler_1/stapler_1_4_1.png 269 221 371 297 320 259 334.040000 54.000000
stapler/stapler_1/stapler_1_4_6.png 265 224 372 292 319 258 342.690000 54.000000
stapler/stapler_1/stapler_1_4_11.png 262 228 371 286 317 257 351.350000 54.000000
stapler/stapler_1/stapler_1_4_21.png 262 221 369 282 316 252 8.653900 54.000000
stapler/stapler_1/stapler_1_4_26.png 262 213 366 285 314 249 17.308000 54.000000
stapler/stapler_1/stapler_1_4_31.png 264 209 366 287 315 248 25.962000 54.000000
stapler/stapler_1/stapler_1_4_36.png 264 204 364 290 314 247 34.615000 54.000000
stapler/stapler_1/stapler_1_4_41.png 268 201 363 289 316 245 43.269000 54.000000
stapler/stapler_1/stapler_1_4_46.png 271 197 361 294 316 246 51.923000 54.000000
stapler/stapler_1/stapler_1_4_51.png 277 194 361 293 319 244 60.577000 54.000000
stapler/stapler_1/stapler_1_4_56.png 280 192 357 292 319 242 69.231000 54.000000
stapler/stapler_1/stapler_1_4_61.png 286 188 353 293 320 241 77.885000 54.000000
stapler/stapler_1/stapler_1_4_66.png 292 188 346 293 319 241 86.538000 54.000000
stapler/stapler_1/stapler_1_4_71.png 298 188 340 292 319 240 95.192000 54.000000
stapler/stapler_1/stapler_1_4_76.png 295 186 344 291 320 239 103.850000 54.000000
stapler/stapler_1/stapler_1_4_81.png 295 187 350 290 323 239 112.500000 54.000000
stapler/stapler_1/stapler_1_4_86.png 289 187 357 291 323 239 121.150000 54.000000
stapler/stapler_1/stapler_1_4_91.png 286 188 361 292 324 240 129.810000 54.000000
stapler/stapler_1/stapler_1_4_96.png 283 191 368 291 326 241 138.460000 54.000000
stapler/stapler_1/stapler_1_4_101.png 280 195 372 284 326 240 147.120000 54.000000
stapler/stapler_1/stapler_1_4_106.png 279 199 377 288 328 244 155.770000 54.000000
stapler/stapler_1/stapler_1_4_111.png 281 204 382 278 332 241 164.420000 54.000000
stapler/stapler_1/stapler_1_4_116.png 280 210 383 281 332 246 173.080000 54.000000
stapler/stapler_1/stapler_1_4_126.png 281 220 387 278 334 249 190.380000 54.000000
stapler/stapler_1/stapler_1_4_131.png 280 216 388 280 334 248 199.040000 54.000000
stapler/stapler_1/stapler_1_4_136.png 281 216 386 283 334 250 207.690000 54.000000
stapler/stapler_1/stapler_1_4_141.png 286 212 385 291 336 252 216.350000 54.000000
stapler/stapler_1/stapler_1_4_146.png 288 211 383 295 336 253 225.000000 54.000000
stapler/stapler_1/stapler_1_4_151.png 290 209 378 297 334 253 233.650000 54.000000
stapler/stapler_1/stapler_1_4_156.png 292 208 371 304 332 256 242.310000 54.000000
stapler/stapler_1/stapler_1_4_161.png 296 208 367 305 332 257 250.960000 54.000000
stapler/stapler_1/stapler_1_4_166.png 306 209 361 308 334 259 259.620000 54.000000
stapler/stapler_1/stapler_1_4_171.png 304 208 354 309 329 259 268.270000 54.000000
stapler/stapler_1/stapler_1_4_176.png 304 208 349 309 327 259 276.920000 54.000000
stapler/stapler_1/stapler_1_4_181.png 300 210 354 309 327 260 285.580000 54.000000
stapler/stapler_1/stapler_1_4_186.png 295 210 358 310 327 260 294.230000 54.000000
stapler/stapler_1/stapler_1_4_191.png 288 212 361 309 325 261 302.880000 54.000000
stapler/stapler_1/stapler_1_4_196.png 281 214 364 307 323 261 311.540000 54.000000
stapler/stapler_1/stapler_1_4_201.png 275 216 366 304 321 260 320.190000 54.000000
stapler/stapler_1/stapler_1_4_206.png 269 220 367 297 318 259 328.850000 54.000000
stapler/stapler_1/stapler_1_4_211.png 267 221 372 294 320 258 337.500000 54.000000
stapler/stapler_1/stapler_1_4_216.png 263 225 370 289 317 257 346.150000 54.000000
stapler/stapler_1/stapler_1_4_221.png 262 228 371 284 317 256 354.810000 54.000000
stapler/stapler_1/stapler_1_4_226.png 262 224 369 279 316 252 3.461500 54.000000
stapler/stapler_2/stapler_2_1_1.png 258 239 371 305 315 272 327.860000 23.000000
stapler/stapler_2/stapler_2_1_6.png 257 238 374 303 316 271 338.570000 23.000000
stapler/stapler_2/stapler_2_1_11.png 257 237 375 300 316 269 349.290000 23.000000
stapler/stapler_2/stapler_2_1_16.png 256 236 375 297 316 267 0.000000 23.000000
stapler/stapler_2/stapler_2_1_21.png 259 235 376 300 318 268 10.714000 23.000000
stapler/stapler_2/stapler_2_1_26.png 261 231 375 303 318 267 21.429000 23.000000
stapler/stapler_2/stapler_2_1_31.png 263 229 375 306 319 268 32.143000 23.000000
stapler/stapler_2/stapler_2_1_36.png 268 227 369 309 319 268 42.857000 23.000000
stapler/stapler_2/stapler_2_1_41.png 273 226 364 311 319 269 53.571000 23.000000
stapler/stapler_2/stapler_2_1_46.png 277 225 358 312 318 269 64.286000 23.000000
stapler/stapler_2/stapler_2_1_51.png 285 225 350 313 318 269 75.000000 23.000000
stapler/stapler_2/stapler_2_1_56.png 292 224 342 313 317 269 85.714000 23.000000
stapler/stapler_2/stapler_2_1_61.png 288 224 343 313 316 269 96.429000 23.000000
stapler/stapler_2/stapler_2_1_66.png 280 224 348 314 314 269 107.140000 23.000000
stapler/stapler_2/stapler_2_1_71.png 273 225 352 313 313 269 117.860000 23.000000
stapler/stapler_2/stapler_2_1_76.png 265 225 360 312 313 269 128.570000 23.000000
stapler/stapler_2/stapler_2_1_81.png 260 229 365 309 313 269 139.290000 23.000000
stapler/stapler_2/stapler_2_1_86.png 257 231 371 306 314 269 150.000000 23.000000
stapler/stapler_2/stapler_2_1_91.png 256 233 373 303 315 268 160.710000 23.000000
stapler/stapler_2/stapler_2_1_96.png 253 236 372 299 313 268 171.430000 23.000000
stapler/stapler_2/stapler_2_1_101.png 256 239 371 300 314 270 182.140000 23.000000
stapler/stapler_2/stapler_2_1_106.png 257 239 369 303 313 271 192.860000 23.000000
stapler/stapler_2/stapler_2_1_111.png 260 240 368 306 314 273 203.570000 23.000000
stapler/stapler_2/stapler_2_1_116.png 266 240 366 309 316 275 214.290000 23.000000
stapler/stapler_2/stapler_2_1_121.png 270 238 359 312 315 275 225.000000 23.000000
stapler/stapler_2/stapler_2_1_126.png 280 237 354 313 317 275 235.710000 23.000000
stapler/stapler_2/stapler_2_1_131.png 285 237 346 313 316 275 246.430000 23.000000
stapler/stapler_2/stapler_2_1_136.png 291 236 340 313 316 275 257.140000 23.000000
stapler/stapler_2/stapler_2_1_141.png 283 236 341 313 312 275 267.860000 23.000000
stapler/stapler_2/stapler_2_1_146.png 277 238 349 313 313 276 278.570000 23.000000
stapler/stapler_2/stapler_2_1_151.png 269 238 358 312 314 275 289.290000 23.000000
stapler/stapler_2/stapler_2_1_156.png 263 239 364 310 314 275 300.000000 23.000000
stapler/stapler_2/stapler_2_1_161.png 259 240 370 307 315 274 310.710000 23.000000
stapler/stapler_2/stapler_2_1_166.png 257 238 375 303 316 271 321.430000 23.000000
stapler/stapler_2/stapler_2_1_171.png 255 238 376 300 316 269 332.140000 23.000000
stapler/stapler_2/stapler_2_2_1.png 275 262 389 335 332 299 327.070000 38.000000
stapler/stapler_2/stapler_2_2_6.png 273 264 388 331 331 298 338.050000 38.000000
stapler/stapler_2/stapler_2_2_11.png 273 262 391 325 332 294 349.020000 38.000000
stapler/stapler_2/stapler_2_2_16.png 273 258 390 321 332 290 0.000000 38.000000
stapler/stapler_2/stapler_2_2_21.png 274 254 389 325 332 290 10.976000 38.000000
stapler/stapler_2/stapler_2_2_26.png 274 251 390 328 332 290 21.951000 38.000000
stapler/stapler_2/stapler_2_2_31.png 279 243 388 330 334 287 32.927000 38.000000
stapler/stapler_2/stapler_2_2_36.png 284 242 383 333 334 288 43.902000 38.000000
stapler/stapler_2/stapler_2_2_41.png 294 238 378 336 336 287 54.878000 38.000000
stapler/stapler_2/stapler_2_2_46.png 302 237 371 336 337 287 65.854000 38.000000
stapler/stapler_2/stapler_2_2_51.png 312 235 363 335 338 285 76.829000 38.000000
stapler/stapler_2/stapler_2_2_56.png 314 235 363 336 339 286 87.805000 38.000000
stapler/stapler_2/stapler_2_2_61.png 308 235 369 335 339 285 98.781000 38.000000
stapler/stapler_2/stapler_2_2_66.png 303 238 376 335 340 287 109.760000 38.000000
stapler/stapler_2/stapler_2_2_71.png 299 237 379 335 339 286 120.730000 38.000000
stapler/stapler_2/stapler_2_2_76.png 294 240 387 332 341 286 131.710000 38.000000
stapler/stapler_2/stapler_2_2_81.png 291 244 393 331 342 288 142.680000 38.000000
stapler/stapler_2/stapler_2_2_86.png 287 245 397 328 342 287 153.660000 38.000000
stapler/stapler_2/stapler_2_2_91.png 289 250 400 325 345 288 164.630000 38.000000
stapler/stapler_2/stapler_2_2_96.png 289 254 402 322 346 288 175.610000 38.000000
stapler/stapler_2/stapler_2_2_101.png 288 259 403 321 346 290 186.590000 38.000000
stapler/stapler_2/stapler_2_2_106.png 288 262 402 325 345 294 197.560000 38.000000
stapler/stapler_2/stapler_2_2_111.png 291 263 402 330 347 297 208.540000 38.000000
stapler/stapler_2/stapler_2_2_116.png 291 260 401 335 346 298 219.510000 38.000000
stapler/stapler_2/stapler_2_2_121.png 294 261 397 339 346 300 230.490000 38.000000
stapler/stapler_2/stapler_2_2_126.png 299 258 392 342 346 300 241.460000 38.000000
stapler/stapler_2/stapler_2_2_131.png 305 257 385 346 345 302 252.440000 38.000000
stapler/stapler_2/stapler_2_2_136.png 308 255 379 347 344 301 263.420000 38.000000
stapler/stapler_2/stapler_2_2_141.png 314 256 371 349 343 303 274.390000 38.000000
stapler/stapler_2/stapler_2_2_146.png 318 256 365 349 342 303 285.370000 38.000000
stapler/stapler_2/stapler_2_2_151.png 310 255 364 349 337 302 296.340000 38.000000
stapler/stapler_2/stapler_2_2_156.png 300 257 372 348 336 303 307.320000 38.000000
stapler/stapler_2/stapler_2_2_161.png 294 256 374 346 334 301 318.290000 38.000000
stapler/stapler_2/stapler_2_2_166.png 289 258 378 346 334 302 329.270000 38.000000
stapler/stapler_2/stapler_2_2_171.png 284 260 381 342 333 301 340.240000 38.000000
stapler/stapler_2/stapler_2_2_176.png 280 260 385 339 333 300 351.220000 38.000000
stapler/stapler_2/stapler_2_2_181.png 276 261 389 335 333 298 2.195100 38.000000
stapler/stapler_2/stapler_2_2_186.png 272 263 389 326 331 295 13.171000 38.000000
stapler/stapler_2/stapler_2_4_1.png 265 220 374 286 320 253 330.650000 54.000000
stapler/stapler_2/stapler_2_4_6.png 265 223 371 279 318 251 340.440000 54.000000
stapler/stapler_2/stapler_2_4_11.png 264 220 375 276 320 248 350.220000 54.000000
stapler/stapler_2/stapler_2_4_16.png 266 215 375 278 321 247 0.000000 54.000000
stapler/stapler_2/stapler_2_4_21.png 267 212 372 280 320 246 9.782600 54.000000
stapler/stapler_2/stapler_2_4_26.png 270 207 372 285 321 246 19.565000 54.000000
stapler/stapler_2/stapler_2_4_31.png 272 201 369 288 321 245 29.348000 54.000000
stapler/stapler_2/stapler_2_4_36.png 279 196 368 292 324 244 39.130000 54.000000
stapler/stapler_2/stapler_2_4_41.png 283 194 361 292 322 243 48.913000 54.000000
stapler/stapler_2/stapler_2_4_46.png 290 192 355 295 323 244 58.696000 54.000000
stapler/stapler_2/stapler_2_4_51.png 293 190 353 294 323 242 68.478000 54.000000
stapler/stapler_2/stapler_2_4_56.png 299 190 347 294 323 242 78.261000 54.000000
stapler/stapler_2/stapler_2_4_61.png 303 191 346 295 325 243 88.043000 54.000000
stapler/stapler_2/stapler_2_4_66.png 298 191 351 294 325 243 97.826000 54.000000
stapler/stapler_2/stapler_2_4_71.png 291 191 359 294 325 243 107.610000 54.000000
stapler/stapler_2/stapler_2_4_76.png 288 194 365 295 327 245 117.390000 54.000000
stapler/stapler_2/stapler_2_4_81.png 283 196 369 292 326 244 127.170000 54.000000
stapler/stapler_2/stapler_2_4_86.png 280 202 375 290 328 246 136.960000 54.000000
stapler/stapler_2/stapler_2_4_91.png 278 207 379 285 329 246 146.740000 54.000000
stapler/stapler_2/stapler_2_4_96.png 277 211 381 281 329 246 156.520000 54.000000
stapler/stapler_2/stapler_2_4_101.png 276 214 381 279 329 247 166.300000 54.000000
stapler/stapler_2/stapler_2_4_106.png 276 219 382 276 329 248 176.090000 54.000000
stapler/stapler_2/stapler_2_4_111.png 276 223 382 278 329 251 185.870000 54.000000
stapler/stapler_2/stapler_2_4_116.png 275 220 382 282 329 251 195.650000 54.000000
stapler/stapler_2/stapler_2_4_121.png 275 217 381 288 328 253 205.440000 54.000000
stapler/stapler_2/stapler_2_4_126.png 278 213 378 292 328 253 215.220000 54.000000
stapler/stapler_2/stapler_2_4_131.png 282 210 375 296 329 253 225.000000 54.000000
stapler/stapler_2/stapler_2_4_136.png 285 209 372 299 329 254 234.780000 54.000000
stapler/stapler_2/stapler_2_4_141.png 289 206 368 303 329 255 244.560000 54.000000
stapler/stapler_2/stapler_2_4_146.png 292 206 361 304 327 255 254.350000 54.000000
stapler/stapler_2/stapler_2_4_151.png 297 205 354 305 326 255 264.130000 54.000000
stapler/stapler_2/stapler_2_4_156.png 302 204 350 305 326 255 273.910000 54.000000
stapler/stapler_2/stapler_2_4_161.png 303 206 345 305 324 256 283.700000 54.000000
stapler/stapler_2/stapler_2_4_166.png 296 206 348 304 322 255 293.480000 54.000000
stapler/stapler_2/stapler_2_4_171.png 290 207 355 304 323 256 303.260000 54.000000
stapler/stapler_2/stapler_2_4_176.png 284 207 359 303 322 255 313.040000 54.000000
stapler/stapler_2/stapler_2_4_181.png 277 210 363 300 320 255 322.830000 54.000000
stapler/stapler_2/stapler_2_4_186.png 274 211 368 298 321 255 332.610000 54.000000
stapler/stapler_2/stapler_2_4_191.png 272 215 370 293 321 254 342.390000 54.000000
stapler/stapler_2/stapler_2_4_196.png 267 219 372 287 320 253 352.170000 54.000000
stapler/stapler_2/stapler_2_4_201.png 265 223 372 281 319 252 1.956500 54.000000
stapler/stapler_2/stapler_2_4_206.png 264 221 375 277 320 249 11.739000 54.000000
stapler/stapler_2/stapler_2_4_211.png 264 216 374 278 319 247 21.522000 54.000000
stapler/stapler_2/stapler_2_4_216.png 268 212 372 280 320 246 31.304000 54.000000
stapler/stapler_3/stapler_3_1_21.png 257 235 371 299 314 267 12.500000 23.000000
stapler/stapler_3/stapler_3_1_26.png 261 229 370 305 316 267 25.000000 23.000000
stapler/stapler_3/stapler_3_1_31.png 267 229 367 309 317 269 37.500000 23.000000
stapler/stapler_3/stapler_3_1_41.png 281 227 355 313 318 270 62.500000 23.000000
stapler/stapler_3/stapler_3_1_46.png 289 228 346 314 318 271 75.000000 23.000000
stapler/stapler_3/stapler_3_1_66.png 266 229 368 311 317 270 125.000000 23.000000
stapler/stapler_3/stapler_3_1_76.png 261 234 374 306 318 270 150.000000 23.000000
stapler/stapler_3/stapler_3_1_86.png 260 239 379 299 320 269 175.000000 23.000000
stapler/stapler_3/stapler_3_1_91.png 261 239 380 302 321 271 187.500000 23.000000
stapler/stapler_3/stapler_3_1_96.png 262 239 379 307 321 273 200.000000 23.000000
stapler/stapler_3/stapler_3_1_106.png 270 241 368 315 319 278 225.000000 23.000000
stapler/stapler_3/stapler_3_1_111.png 275 240 360 316 318 278 237.500000 23.000000
stapler/stapler_3/stapler_3_1_116.png 280 239 352 318 316 279 250.000000 23.000000
stapler/stapler_3/stapler_3_1_126.png 283 240 340 318 312 279 275.000000 23.000000
stapler/stapler_3/stapler_3_1_131.png 273 240 348 318 311 279 287.500000 23.000000
stapler/stapler_3/stapler_3_1_171.png 258 234 370 301 314 268 27.500000 23.000000
stapler/stapler_3/stapler_3_2_6.png 278 264 392 328 335 296 340.440000 38.000000
stapler/stapler_3/stapler_3_2_16.png 278 261 394 320 336 291 0.000000 38.000000
stapler/stapler_3/stapler_3_2_26.png 282 255 396 328 339 292 19.565000 38.000000
stapler/stapler_3/stapler_3_2_31.png 284 252 393 330 339 291 29.348000 38.000000
stapler/stapler_3/stapler_3_2_36.png 287 249 392 336 340 293 39.130000 38.000000
stapler/stapler_3/stapler_3_2_46.png 297 242 385 342 341 292 58.696000 38.000000
stapler/stapler_3/stapler_3_2_61.png 318 242 365 344 342 293 88.043000 38.000000
stapler/stapler_3/stapler_3_2_71.png 304 244 376 344 340 294 107.610000 38.000000
stapler/stapler_3/stapler_3_2_81.png 292 244 389 341 341 293 127.170000 38.000000
stapler/stapler_3/stapler_3_2_101.png 283 260 401 324 342 292 166.300000 38.000000
stapler/stapler_3/stapler_3_2_121.png 285 264 400 336 343 300 205.440000 38.000000
stapler/stapler_3/stapler_3_2_126.png 289 262 397 340 343 301 215.220000 38.000000
stapler/stapler_3/stapler_3_2_131.png 292 261 392 340 342 301 225.000000 38.000000
stapler/stapler_3/stapler_3_2_136.png 300 259 387 346 344 303 234.780000 38.000000
stapler/stapler_3/stapler_3_2_146.png 307 257 372 347 340 302 254.350000 38.000000
stapler/stapler_3/stapler_3_2_171.png 286 260 381 342 334 301 303.260000 38.000000
stapler/stapler_3/stapler_3_2_181.png 280 261 389 337 335 299 322.830000 38.000000
stapler/stapler_3/stapler_3_4_11.png 264 222 371 274 318 248 0.000000 54.000000
stapler/stapler_3/stapler_3_4_16.png 266 215 374 277 320 246 9.375000 54.000000
stapler/stapler_3/stapler_3_4_26.png 273 205 372 286 323 246 28.125000 54.000000
stapler/stapler_3/stapler_3_4_56.png 304 196 351 297 328 247 84.375000 54.000000
stapler/stapler_3/stapler_3_4_66.png 299 196 359 299 329 248 103.120000 54.000000
stapler/stapler_3/stapler_3_4_81.png 283 204 377 297 330 251 131.250000 54.000000
stapler/stapler_3/stapler_3_4_96.png 276 218 383 286 330 252 159.380000 54.000000
stapler/stapler_3/stapler_3_4_101.png 276 222 385 283 331 253 168.750000 54.000000
stapler/stapler_3/stapler_3_4_111.png 274 227 383 281 329 254 187.500000 54.000000
stapler/stapler_3/stapler_3_4_116.png 277 226 385 286 331 256 196.880000 54.000000
stapler/stapler_3/stapler_3_4_121.png 277 225 385 294 331 260 206.250000 54.000000
stapler/stapler_3/stapler_3_4_146.png 289 214 363 308 326 261 253.120000 54.000000
stapler/stapler_3/stapler_3_4_156.png 296 214 353 310 325 262 271.880000 54.000000
stapler/stapler_3/stapler_3_4_181.png 275 214 357 306 316 260 318.750000 54.000000
stapler/stapler_3/stapler_3_4_186.png 271 215 364 302 318 259 328.120000 54.000000
stapler/stapler_3/stapler_3_4_196.png 264 220 369 287 317 254 346.880000 54.000000
stapler/stapler_4/stapler_4_1_1.png 235 244 381 314 308 279 329.320000 23.000000
stapler/stapler_4/stapler_4_1_6.png 235 245 386 308 311 277 339.550000 23.000000
stapler/stapler_4/stapler_4_1_11.png 234 244 386 302 310 273 349.770000 23.000000
stapler/stapler_4/stapler_4_1_16.png 236 240 387 299 312 270 0.000000 23.000000
stapler/stapler_4/stapler_4_1_21.png 238 235 388 303 313 269 10.227000 23.000000
stapler/stapler_4/stapler_4_1_26.png 243 233 386 306 315 270 20.454000 23.000000
stapler/stapler_4/stapler_4_1_31.png 247 229 381 313 314 271 30.682000 23.000000
stapler/stapler_4/stapler_4_1_36.png 254 225 378 317 316 271 40.909000 23.000000
stapler/stapler_4/stapler_4_1_41.png 261 223 372 318 317 271 51.136000 23.000000
stapler/stapler_4/stapler_4_1_46.png 272 220 361 321 317 271 61.364000 23.000000
stapler/stapler_4/stapler_4_1_51.png 281 219 351 322 316 271 71.591000 23.000000
stapler/stapler_4/stapler_4_1_56.png 291 218 343 322 317 270 81.818000 23.000000
stapler/stapler_4/stapler_4_1_61.png 289 218 339 322 314 270 92.046000 23.000000
stapler/stapler_4/stapler_4_1_66.png 273 219 353 322 313 271 102.270000 23.000000
stapler/stapler_4/stapler_4_1_71.png 263 221 365 320 314 271 112.500000 23.000000
stapler/stapler_4/stapler_4_1_76.png 255 224 376 315 316 270 122.730000 23.000000
stapler/stapler_4/stapler_4_1_81.png 247 228 386 310 317 269 132.960000 23.000000
stapler/stapler_4/stapler_4_1_86.png 245 235 390 306 318 271 143.180000 23.000000
stapler/stapler_4/stapler_4_1_91.png 245 236 393 299 319 268 153.410000 23.000000
stapler/stapler_4/stapler_4_1_96.png 245 239 397 300 321 270 163.640000 23.000000
stapler/stapler_4/stapler_4_1_101.png 249 243 396 304 323 274 173.860000 23.000000
stapler/stapler_4/stapler_4_1_106.png 251 243 394 309 323 276 184.090000 23.000000
stapler/stapler_4/stapler_4_1_111.png 256 242 391 314 324 278 194.320000 23.000000
stapler/stapler_4/stapler_4_1_116.png 262 242 385 318 324 280 204.540000 23.000000
stapler/stapler_4/stapler_4_1_121.png 268 238 377 321 323 280 214.770000 23.000000
stapler/stapler_4/stapler_4_1_126.png 283 238 362 324 323 281 225.000000 23.000000
stapler/stapler_4/stapler_4_1_131.png 289 236 350 326 320 281 235.230000 23.000000
stapler/stapler_4/stapler_4_1_136.png 290 238 339 326 315 282 245.460000 23.000000
stapler/stapler_4/stapler_4_1_141.png 274 239 351 326 313 283 255.680000 23.000000
stapler/stapler_4/stapler_4_1_146.png 259 240 362 324 311 282 265.910000 23.000000
stapler/stapler_4/stapler_4_1_151.png 249 240 369 320 309 280 276.140000 23.000000
stapler/stapler_4/stapler_4_1_156.png 236 240 376 318 306 279 286.360000 23.000000
stapler/stapler_4/stapler_4_1_161.png 234 244 385 309 310 277 296.590000 23.000000
stapler/stapler_4/stapler_4_1_166.png 234 243 387 300 311 272 306.820000 23.000000
stapler/stapler_4/stapler_4_1_171.png 237 235 388 301 313 268 317.050000 23.000000
stapler/stapler_4/stapler_4_2_1.png 273 253 402 336 338 295 320.000000 38.000000
stapler/stapler_4/stapler_4_2_6.png 271 255 409 331 340 293 330.000000 38.000000
stapler/stapler_4/stapler_4_2_11.png 271 260 412 324 342 292 340.000000 38.000000
stapler/stapler_4/stapler_4_2_16.png 271 261 416 319 344 290 350.000000 38.000000
stapler/stapler_4/stapler_4_2_21.png 274 255 420 317 347 286 0.000000 38.000000
stapler/stapler_4/stapler_4_2_26.png 274 250 421 325 348 288 10.000000 38.000000
stapler/stapler_4/stapler_4_2_31.png 280 246 421 334 351 290 20.000000 38.000000
stapler/stapler_4/stapler_4_2_36.png 282 242 419 342 351 292 30.000000 38.000000
stapler/stapler_4/stapler_4_2_41.png 289 241 415 347 352 294 40.000000 38.000000
stapler/stapler_4/stapler_4_2_46.png 294 238 410 351 352 295 50.000000 38.000000
stapler/stapler_4/stapler_4_2_51.png 301 236 402 359 352 298 60.000000 38.000000
stapler/stapler_4/stapler_4_2_56.png 312 236 388 361 350 299 70.000000 38.000000
stapler/stapler_4/stapler_4_2_61.png 322 236 374 362 348 299 80.000000 38.000000
stapler/stapler_4/stapler_4_2_66.png 319 236 371 363 345 300 90.000000 38.000000
stapler/stapler_4/stapler_4_2_71.png 306 236 379 364 343 300 100.000000 38.000000
stapler/stapler_4/stapler_4_2_76.png 295 240 385 365 340 303 110.000000 38.000000
stapler/stapler_4/stapler_4_2_81.png 285 242 391 360 338 301 120.000000 38.000000
stapler/stapler_4/stapler_4_2_86.png 277 245 398 355 338 300 130.000000 38.000000
stapler/stapler_4/stapler_4_2_91.png 266 247 403 351 335 299 140.000000 38.000000
stapler/stapler_4/stapler_4_2_96.png 264 251 405 343 335 297 150.000000 38.000000
stapler/stapler_4/stapler_4_2_101.png 261 259 407 335 334 297 160.000000 38.000000
stapler/stapler_4/stapler_4_2_106.png 258 263 408 329 333 296 170.000000 38.000000
stapler/stapler_4/stapler_4_2_111.png 258 267 408 327 333 297 180.000000 38.000000
stapler/stapler_4/stapler_4_2_116.png 258 270 407 332 333 301 190.000000 38.000000
stapler/stapler_4/stapler_4_2_121.png 261 266 404 338 333 302 200.000000 38.000000
stapler/stapler_4/stapler_4_2_126.png 264 261 401 342 333 302 210.000000 38.000000
stapler/stapler_4/stapler_4_2_131.png 270 256 395 347 333 302 220.000000 38.000000
stapler/stapler_4/stapler_4_2_141.png 288 245 379 354 334 300 240.000000 38.000000
stapler/stapler_4/stapler_4_2_146.png 297 244 369 353 333 299 250.000000 38.000000
stapler/stapler_4/stapler_4_2_151.png 308 244 357 353 333 299 260.000000 38.000000
stapler/stapler_4/stapler_4_2_156.png 303 244 358 352 331 298 270.000000 38.000000
stapler/stapler_4/stapler_4_2_161.png 295 244 367 351 331 298 280.000000 38.000000
stapler/stapler_4/stapler_4_2_166.png 287 244 375 348 331 296 290.000000 38.000000
stapler/stapler_4/stapler_4_2_171.png 282 244 386 345 334 295 300.000000 38.000000
stapler/stapler_4/stapler_4_2_181.png 274 251 401 337 338 294 320.000000 38.000000
stapler/stapler_4/stapler_4_2_186.png 271 255 407 332 339 294 330.000000 38.000000
stapler/stapler_4/stapler_4_2_191.png 271 259 412 326 342 293 340.000000 38.000000
stapler/stapler_4/stapler_4_4_1.png 266 207 387 292 327 250 324.000000 54.000000
stapler/stapler_4/stapler_4_4_6.png 264 209 393 286 329 248 333.000000 54.000000
stapler/stapler_4/stapler_4_4_11.png 263 218 396 279 330 249 342.000000 54.000000
stapler/stapler_4/stapler_4_4_16.png 262 221 399 274 331 248 351.000000 54.000000
stapler/stapler_4/stapler_4_4_21.png 263 216 400 276 332 246 0.000000 54.000000
stapler/stapler_4/stapler_4_4_26.png 264 210 400 284 332 247 9.000000 54.000000
stapler/stapler_4/stapler_4_4_31.png 269 204 398 294 334 249 18.000000 54.000000
stapler/stapler_4/stapler_4_4_36.png 272 199 397 299 335 249 27.000000 54.000000
stapler/stapler_4/stapler_4_4_41.png 275 195 392 307 334 251 36.000000 54.000000
stapler/stapler_4/stapler_4_4_46.png 282 194 388 313 335 254 45.000000 54.000000
stapler/stapler_4/stapler_4_4_51.png 288 191 380 317 334 254 54.000000 54.000000
stapler/stapler_4/stapler_4_4_56.png 289 189 375 320 332 255 63.000000 54.000000
stapler/stapler_4/stapler_4_4_61.png 296 189 364 323 330 256 72.000000 54.000000
stapler/stapler_4/stapler_4_4_66.png 306 188 353 325 330 257 81.000000 54.000000
stapler/stapler_4/stapler_4_4_71.png 303 189 349 326 326 258 90.000000 54.000000
stapler/stapler_4/stapler_4_4_76.png 294 189 354 325 324 257 99.000000 54.000000
stapler/stapler_4/stapler_4_4_81.png 285 191 360 325 323 258 108.000000 54.000000
stapler/stapler_4/stapler_4_4_86.png 279 192 366 322 323 257 117.000000 54.000000
stapler/stapler_4/stapler_4_4_91.png 269 196 370 319 320 258 126.000000 54.000000
stapler/stapler_4/stapler_4_4_96.png 262 199 377 312 320 256 135.000000 54.000000
stapler/stapler_4/stapler_4_4_101.png 258 205 381 305 320 255 144.000000 54.000000
stapler/stapler_4/stapler_4_4_106.png 252 209 384 297 318 253 153.000000 54.000000
stapler/stapler_4/stapler_4_4_111.png 250 213 385 292 318 253 162.000000 54.000000
stapler/stapler_4/stapler_4_4_116.png 249 220 385 284 317 252 171.000000 54.000000
stapler/stapler_4/stapler_4_4_121.png 249 222 385 278 317 250 180.000000 54.000000
stapler/stapler_4/stapler_4_4_126.png 248 225 384 281 316 253 189.000000 54.000000
stapler/stapler_4/stapler_4_4_131.png 249 222 385 286 317 254 198.000000 54.000000
stapler/stapler_4/stapler_4_4_136.png 252 212 381 295 317 254 207.000000 54.000000
stapler/stapler_4/stapler_4_4_141.png 260 206 378 300 319 253 216.000000 54.000000
stapler/stapler_4/stapler_4_4_146.png 267 201 372 304 320 253 225.000000 54.000000
stapler/stapler_4/stapler_4_4_151.png 269 196 369 308 319 252 234.000000 54.000000
stapler/stapler_4/stapler_4_4_156.png 279 192 362 308 321 250 243.000000 54.000000
stapler/stapler_4/stapler_4_4_161.png 285 191 355 311 320 251 252.000000 54.000000
stapler/stapler_4/stapler_4_4_166.png 291 190 350 309 321 250 261.000000 54.000000
stapler/stapler_4/stapler_4_4_171.png 300 188 343 310 322 249 270.000000 54.000000
stapler/stapler_4/stapler_4_4_176.png 294 190 345 309 320 250 279.000000 54.000000
stapler/stapler_4/stapler_4_4_181.png 287 191 357 309 322 250 288.000000 54.000000
stapler/stapler_4/stapler_4_4_186.png 282 192 365 307 324 250 297.000000 54.000000
stapler/stapler_4/stapler_4_4_191.png 276 196 375 303 326 250 306.000000 54.000000
stapler/stapler_4/stapler_4_4_196.png 270 199 382 298 326 249 315.000000 54.000000
stapler/stapler_4/stapler_4_4_201.png 267 207 388 292 328 250 324.000000 54.000000
stapler/stapler_4/stapler_4_4_206.png 264 209 394 286 329 248 333.000000 54.000000
stapler/stapler_4/stapler_4_4_211.png 263 217 395 283 329 250 342.000000 54.000000
stapler/stapler_4/stapler_4_4_216.png 263 221 399 275 331 248 351.000000 54.000000
stapler/stapler_5/stapler_5_1_1.png 244 241 366 316 305 279 325.380000 23.000000
stapler/stapler_5/stapler_5_1_6.png 237 243 368 310 303 277 336.920000 23.000000
stapler/stapler_5/stapler_5_1_11.png 236 244 373 305 305 275 348.460000 23.000000
stapler/stapler_5/stapler_5_1_16.png 236 240 374 298 305 269 0.000000 23.000000
stapler/stapler_5/stapler_5_1_21.png 237 236 373 300 305 268 11.539000 23.000000
stapler/stapler_5/stapler_5_1_26.png 244 233 375 305 310 269 23.077000 23.000000
stapler/stapler_5/stapler_5_1_31.png 249 229 372 308 311 269 34.615000 23.000000
stapler/stapler_5/stapler_5_1_36.png 256 224 369 310 313 267 46.154000 23.000000
stapler/stapler_5/stapler_5_1_41.png 266 223 364 312 315 268 57.692000 23.000000
stapler/stapler_5/stapler_5_1_46.png 274 222 357 314 316 268 69.231000 23.000000
stapler/stapler_5/stapler_5_1_51.png 284 221 351 315 318 268 80.769000 23.000000
stapler/stapler_5/stapler_5_1_56.png 292 220 343 315 318 268 92.308000 23.000000
stapler/stapler_5/stapler_5_1_61.png 290 222 346 315 318 269 103.850000 23.000000
stapler/stapler_5/stapler_5_1_66.png 283 222 353 315 318 269 115.390000 23.000000
stapler/stapler_5/stapler_5_1_71.png 275 222 363 315 319 269 126.920000 23.000000
stapler/stapler_5/stapler_5_1_76.png 266 225 374 313 320 269 138.460000 23.000000
stapler/stapler_5/stapler_5_1_81.png 261 230 391 310 326 270 150.000000 23.000000
stapler/stapler_5/stapler_5_1_86.png 259 234 392 306 326 270 161.540000 23.000000
stapler/stapler_5/stapler_5_1_91.png 259 237 394 301 327 269 173.080000 23.000000
stapler/stapler_5/stapler_5_1_96.png 258 242 396 300 327 271 184.620000 23.000000
stapler/stapler_5/stapler_5_1_101.png 258 245 395 304 327 275 196.150000 23.000000
stapler/stapler_5/stapler_5_1_106.png 259 247 394 310 327 279 207.690000 23.000000
stapler/stapler_5/stapler_5_1_111.png 262 245 391 314 327 280 219.230000 23.000000
stapler/stapler_5/stapler_5_1_116.png 266 242 383 318 325 280 230.770000 23.000000
stapler/stapler_5/stapler_5_1_121.png 271 241 374 322 323 282 242.310000 23.000000
stapler/stapler_5/stapler_5_1_126.png 278 240 369 326 324 283 253.850000 23.000000
stapler/stapler_5/stapler_5_1_131.png 282 240 356 326 319 283 265.380000 23.000000
stapler/stapler_5/stapler_5_1_136.png 289 239 343 327 316 283 276.920000 23.000000
stapler/stapler_5/stapler_5_1_141.png 280 239 342 327 311 283 288.460000 23.000000
stapler/stapler_5/stapler_5_1_146.png 269 240 349 327 309 284 300.000000 23.000000
stapler/stapler_5/stapler_5_1_151.png 261 240 351 325 306 283 311.540000 23.000000
stapler/stapler_5/stapler_5_1_156.png 252 240 358 322 305 281 323.080000 23.000000
stapler/stapler_5/stapler_5_1_161.png 243 241 362 318 303 280 334.620000 23.000000
stapler/stapler_5/stapler_5_1_166.png 237 240 367 312 302 276 346.150000 23.000000
stapler/stapler_5/stapler_5_1_171.png 236 242 373 305 305 274 357.690000 23.000000
stapler/stapler_5/stapler_5_1_176.png 236 242 373 298 305 270 9.230800 23.000000
stapler/stapler_5/stapler_5_2_1.png 275 262 403 337 339 300 330.650000 38.000000
stapler/stapler_5/stapler_5_2_6.png 271 265 406 332 339 299 340.440000 38.000000
stapler/stapler_5/stapler_5_2_11.png 273 266 408 325 341 296 350.220000 38.000000
stapler/stapler_5/stapler_5_2_16.png 272 263 409 322 341 293 0.000000 38.000000
stapler/stapler_5/stapler_5_2_21.png 271 258 409 329 340 294 9.782600 38.000000
stapler/stapler_5/stapler_5_2_26.png 273 254 407 333 340 294 19.565000 38.000000
stapler/stapler_5/stapler_5_2_31.png 277 251 405 340 341 296 29.348000 38.000000
stapler/stapler_5/stapler_5_2_36.png 282 244 402 343 342 294 39.130000 38.000000
stapler/stapler_5/stapler_5_2_41.png 286 243 398 345 342 294 48.913000 38.000000
stapler/stapler_5/stapler_5_2_46.png 294 239 385 353 340 296 58.696000 38.000000
stapler/stapler_5/stapler_5_2_51.png 304 238 374 354 339 296 68.478000 38.000000
stapler/stapler_5/stapler_5_2_56.png 312 237 364 354 338 296 78.261000 38.000000
stapler/stapler_5/stapler_5_2_61.png 306 237 366 354 336 296 88.043000 38.000000
stapler/stapler_5/stapler_5_2_66.png 294 239 375 352 335 296 97.826000 38.000000
stapler/stapler_5/stapler_5_2_71.png 285 241 385 347 335 294 107.610000 38.000000
stapler/stapler_5/stapler_5_2_76.png 277 243 390 344 334 294 117.390000 38.000000
stapler/stapler_5/stapler_5_2_81.png 273 246 396 340 335 293 127.170000 38.000000
stapler/stapler_5/stapler_5_2_86.png 271 251 400 333 336 292 136.960000 38.000000
stapler/stapler_5/stapler_5_2_91.png 270 256 403 324 337 290 146.740000 38.000000
stapler/stapler_5/stapler_5_2_96.png 270 261 406 320 338 291 156.520000 38.000000
stapler/stapler_5/stapler_5_2_101.png 271 264 407 324 339 294 166.300000 38.000000
stapler/stapler_5/stapler_5_2_106.png 272 264 405 330 339 297 176.090000 38.000000
stapler/stapler_5/stapler_5_2_111.png 275 259 406 334 341 297 185.870000 38.000000
stapler/stapler_5/stapler_5_2_116.png 280 256 404 339 342 298 195.650000 38.000000
stapler/stapler_5/stapler_5_2_121.png 286 253 398 344 342 299 205.440000 38.000000
stapler/stapler_5/stapler_5_2_126.png 293 250 391 349 342 300 215.220000 38.000000
stapler/stapler_5/stapler_5_2_131.png 303 247 382 353 343 300 225.000000 38.000000
stapler/stapler_5/stapler_5_2_136.png 313 247 371 353 342 300 234.780000 38.000000
stapler/stapler_5/stapler_5_2_141.png 314 247 364 353 339 300 244.560000 38.000000
stapler/stapler_5/stapler_5_2_146.png 306 246 371 354 339 300 254.350000 38.000000
stapler/stapler_5/stapler_5_2_151.png 295 249 379 351 337 300 264.130000 38.000000
stapler/stapler_5/stapler_5_2_156.png 288 252 388 349 338 301 273.910000 38.000000
stapler/stapler_5/stapler_5_2_161.png 283 255 395 347 339 301 283.700000 38.000000
stapler/stapler_5/stapler_5_2_166.png 277 260 402 340 340 300 293.480000 38.000000
stapler/stapler_5/stapler_5_2_171.png 273 263 404 335 339 299 303.260000 38.000000
stapler/stapler_5/stapler_5_2_176.png 271 266 408 331 340 299 313.040000 38.000000
stapler/stapler_5/stapler_5_2_181.png 273 264 408 324 341 294 322.830000 38.000000
stapler/stapler_5/stapler_5_4_1.png 257 225 383 281 320 253 349.770000 54.000000
stapler/stapler_5/stapler_5_4_6.png 256 219 383 277 320 248 0.000000 54.000000
stapler/stapler_5/stapler_5_4_11.png 259 211 382 286 321 249 10.227000 54.000000
stapler/stapler_5/stapler_5_4_16.png 262 204 382 291 322 248 20.454000 54.000000
stapler/stapler_5/stapler_5_4_21.png 265 199 379 295 322 247 30.682000 54.000000
stapler/stapler_5/stapler_5_4_26.png 271 196 377 298 324 247 40.909000 54.000000
stapler/stapler_5/stapler_5_4_31.png 275 191 371 303 323 247 51.136000 54.000000
stapler/stapler_5/stapler_5_4_36.png 282 188 367 307 325 248 61.364000 54.000000
stapler/stapler_5/stapler_5_4_41.png 290 187 358 306 324 247 71.591000 54.000000
stapler/stapler_5/stapler_5_4_46.png 295 184 352 308 324 246 81.818000 54.000000
stapler/stapler_5/stapler_5_4_51.png 302 184 348 309 325 247 92.046000 54.000000
stapler/stapler_5/stapler_5_4_56.png 297 185 349 308 323 247 102.270000 54.000000
stapler/stapler_5/stapler_5_4_61.png 288 185 359 308 324 247 112.500000 54.000000
stapler/stapler_5/stapler_5_4_66.png 284 188 366 307 325 248 122.730000 54.000000
stapler/stapler_5/stapler_5_4_71.png 279 192 372 305 326 249 132.960000 54.000000
stapler/stapler_5/stapler_5_4_76.png 274 195 378 300 326 248 143.180000 54.000000
stapler/stapler_5/stapler_5_4_81.png 269 201 385 295 327 248 153.410000 54.000000
stapler/stapler_5/stapler_5_4_86.png 267 208 388 289 328 249 163.640000 54.000000
stapler/stapler_5/stapler_5_4_91.png 266 212 388 283 327 248 173.860000 54.000000
stapler/stapler_5/stapler_5_4_96.png 266 219 391 278 329 249 184.090000 54.000000
stapler/stapler_5/stapler_5_4_101.png 266 222 390 277 328 250 194.320000 54.000000
stapler/stapler_5/stapler_5_4_106.png 265 223 391 281 328 252 204.540000 54.000000
stapler/stapler_5/stapler_5_4_111.png 266 218 391 288 329 253 214.770000 54.000000
stapler/stapler_5/stapler_5_4_116.png 270 214 389 295 330 255 225.000000 54.000000
stapler/stapler_5/stapler_5_4_121.png 271 210 387 302 329 256 235.230000 54.000000
stapler/stapler_5/stapler_5_4_126.png 273 205 383 305 328 255 245.460000 54.000000
stapler/stapler_5/stapler_5_4_131.png 279 203 378 310 329 257 255.680000 54.000000
stapler/stapler_5/stapler_5_4_136.png 284 203 373 312 329 258 265.910000 54.000000
stapler/stapler_5/stapler_5_4_141.png 289 200 364 315 327 258 276.140000 54.000000
stapler/stapler_5/stapler_5_4_146.png 293 199 359 316 326 258 286.360000 54.000000
stapler/stapler_5/stapler_5_4_151.png 298 197 353 316 326 257 296.590000 54.000000
stapler/stapler_5/stapler_5_4_156.png 300 199 347 316 324 258 306.820000 54.000000
stapler/stapler_5/stapler_5_4_161.png 288 198 355 315 322 257 317.050000 54.000000
stapler/stapler_5/stapler_5_4_166.png 283 200 361 314 322 257 327.270000 54.000000
stapler/stapler_5/stapler_5_4_171.png 275 202 366 311 321 257 337.500000 54.000000
stapler/stapler_5/stapler_5_4_176.png 269 207 371 308 320 258 347.730000 54.000000
stapler/stapler_5/stapler_5_4_181.png 265 209 375 303 320 256 357.950000 54.000000
stapler/stapler_5/stapler_5_4_186.png 261 214 379 297 320 256 8.181800 54.000000
stapler/stapler_5/stapler_5_4_191.png 259 218 382 290 321 254 18.409000 54.000000
stapler/stapler_5/stapler_5_4_196.png 258 224 383 283 321 254 28.636000 54.000000
stapler/stapler_5/stapler_5_4_201.png 258 223 383 276 321 250 38.864000 54.000000
stapler/stapler_5/stapler_5_4_206.png 256 218 383 280 320 249 49.091000 54.000000
stapler/stapler_5/stapler_5_4_211.png 259 211 382 283 321 247 59.318000 54.000000
stapler/stapler_5/stapler_5_4_216.png 261 207 382 289 322 248 69.546000 54.000000
stapler/stapler_6/stapler_6_1_1.png 243 238 386 305 315 272 348.750000 23.000000
stapler/stapler_6/stapler_6_1_6.png 242 235 385 300 314 268 0.000000 23.000000
stapler/stapler_6/stapler_6_1_11.png 241 233 384 300 313 267 11.250000 23.000000
stapler/stapler_6/stapler_6_1_16.png 246 232 380 304 313 268 22.500000 23.000000
stapler/stapler_6/stapler_6_1_21.png 254 228 375 308 315 268 33.750000 23.000000
stapler/stapler_6/stapler_6_1_26.png 259 225 372 314 316 270 45.000000 23.000000
stapler/stapler_6/stapler_6_1_31.png 265 222 374 318 320 270 56.250000 23.000000
stapler/stapler_6/stapler_6_1_36.png 271 220 366 320 319 270 67.500000 23.000000
stapler/stapler_6/stapler_6_1_41.png 285 218 354 321 320 270 78.750000 23.000000
stapler/stapler_6/stapler_6_1_46.png 288 218 344 323 316 271 90.000000 23.000000
stapler/stapler_6/stapler_6_1_51.png 281 219 349 322 315 271 101.250000 23.000000
stapler/stapler_6/stapler_6_1_56.png 270 220 357 322 314 271 112.500000 23.000000
stapler/stapler_6/stapler_6_1_61.png 260 222 365 319 313 271 123.750000 23.000000
stapler/stapler_6/stapler_6_1_66.png 254 224 375 317 315 271 135.000000 23.000000
stapler/stapler_6/stapler_6_1_71.png 249 226 384 313 317 270 146.250000 23.000000
stapler/stapler_6/stapler_6_1_76.png 247 228 388 308 318 268 157.500000 23.000000
stapler/stapler_6/stapler_6_1_81.png 247 232 391 303 319 268 168.750000 23.000000
stapler/stapler_6/stapler_6_1_86.png 245 236 392 300 319 268 180.000000 23.000000
stapler/stapler_6/stapler_6_1_91.png 246 238 394 305 320 272 191.250000 23.000000
stapler/stapler_6/stapler_6_1_96.png 247 241 391 312 319 277 202.500000 23.000000
stapler/stapler_6/stapler_6_1_101.png 255 237 387 317 321 277 213.750000 23.000000
stapler/stapler_6/stapler_6_1_106.png 262 236 379 321 321 279 225.000000 23.000000
stapler/stapler_6/stapler_6_1_111.png 270 234 369 324 320 279 236.250000 23.000000
stapler/stapler_6/stapler_6_1_116.png 280 233 357 326 319 280 247.500000 23.000000
stapler/stapler_6/stapler_6_1_121.png 286 233 344 326 315 280 258.750000 23.000000
stapler/stapler_6/stapler_6_1_126.png 282 232 344 325 313 279 270.000000 23.000000
stapler/stapler_6/stapler_6_1_131.png 270 234 355 325 313 280 281.250000 23.000000
stapler/stapler_6/stapler_6_1_136.png 259 234 363 325 311 280 292.500000 23.000000
stapler/stapler_6/stapler_6_1_141.png 249 236 372 320 311 278 303.750000 23.000000
stapler/stapler_6/stapler_6_1_146.png 243 239 378 314 311 277 315.000000 23.000000
stapler/stapler_6/stapler_6_1_151.png 240 237 384 307 312 272 326.250000 23.000000
stapler/stapler_6/stapler_6_1_156.png 240 235 385 302 313 269 337.500000 23.000000
stapler/stapler_6/stapler_6_1_161.png 240 236 385 299 313 268 348.750000 23.000000
stapler/stapler_6/stapler_6_1_166.png 242 231 386 304 314 268 0.000000 23.000000
stapler/stapler_6/stapler_6_2_1.png 269 259 407 342 338 301 330.650000 38.000000
stapler/stapler_6/stapler_6_2_6.png 267 261 410 333 339 297 340.440000 38.000000
stapler/stapler_6/stapler_6_2_11.png 266 262 410 327 338 295 350.220000 38.000000
stapler/stapler_6/stapler_6_2_16.png 265 258 411 325 338 292 0.000000 38.000000
stapler/stapler_6/stapler_6_2_21.png 265 255 410 329 338 292 9.782600 38.000000
stapler/stapler_6/stapler_6_2_26.png 269 247 410 338 340 293 19.565000 38.000000
stapler/stapler_6/stapler_6_2_31.png 272 245 407 342 340 294 29.348000 38.000000
stapler/stapler_6/stapler_6_2_36.png 276 244 404 347 340 296 39.130000 38.000000
stapler/stapler_6/stapler_6_2_41.png 281 241 397 352 339 297 48.913000 38.000000
stapler/stapler_6/stapler_6_2_46.png 290 238 389 356 340 297 58.696000 38.000000
stapler/stapler_6/stapler_6_2_51.png 295 235 380 356 338 296 68.478000 38.000000
stapler/stapler_6/stapler_6_2_56.png 307 235 370 357 339 296 78.261000 38.000000
stapler/stapler_6/stapler_6_2_61.png 310 235 362 357 336 296 88.043000 38.000000
stapler/stapler_6/stapler_6_2_66.png 301 235 368 355 335 295 97.826000 38.000000
stapler/stapler_6/stapler_6_2_71.png 291 236 377 353 334 295 107.610000 38.000000
stapler/stapler_6/stapler_6_2_76.png 283 238 384 352 334 295 117.390000 38.000000
stapler/stapler_6/stapler_6_2_81.png 275 240 394 349 335 295 127.170000 38.000000
stapler/stapler_6/stapler_6_2_86.png 270 244 400 342 335 293 136.960000 38.000000
stapler/stapler_6/stapler_6_2_91.png 267 247 406 336 337 292 146.740000 38.000000
stapler/stapler_6/stapler_6_2_96.png 268 251 409 327 339 289 156.520000 38.000000
stapler/stapler_6/stapler_6_2_101.png 268 256 412 322 340 289 166.300000 38.000000
stapler/stapler_6/stapler_6_2_106.png 268 260 413 322 341 291 176.090000 38.000000
stapler/stapler_6/stapler_6_2_111.png 269 258 414 328 342 293 185.870000 38.000000
stapler/stapler_6/stapler_6_2_116.png 271 258 413 333 342 296 195.650000 38.000000
stapler/stapler_6/stapler_6_2_121.png 276 254 411 339 344 297 205.440000 38.000000
stapler/stapler_6/stapler_6_2_126.png 280 250 407 348 344 299 215.220000 38.000000
stapler/stapler_6/stapler_6_2_131.png 290 249 401 354 346 302 225.000000 38.000000
stapler/stapler_6/stapler_6_2_136.png 298 245 390 355 344 300 234.780000 38.000000
stapler/stapler_6/stapler_6_2_141.png 307 243 380 357 344 300 244.560000 38.000000
stapler/stapler_6/stapler_6_2_146.png 314 245 370 356 342 301 254.350000 38.000000
stapler/stapler_6/stapler_6_2_151.png 312 244 369 357 341 301 264.130000 38.000000
stapler/stapler_6/stapler_6_2_156.png 301 244 377 358 339 301 273.910000 38.000000
stapler/stapler_6/stapler_6_2_161.png 287 248 389 353 338 301 283.700000 38.000000
stapler/stapler_6/stapler_6_2_166.png 278 252 397 353 338 303 293.480000 38.000000
stapler/stapler_6/stapler_6_2_171.png 274 255 403 348 339 302 303.260000 38.000000
stapler/stapler_6/stapler_6_2_176.png 268 258 408 342 338 300 313.040000 38.000000
stapler/stapler_6/stapler_6_2_181.png 267 261 410 336 339 299 322.830000 38.000000
stapler/stapler_6/stapler_6_2_186.png 266 261 411 329 339 295 332.610000 38.000000
stapler/stapler_6/stapler_6_2_191.png 266 259 411 324 339 292 342.390000 38.000000
stapler/stapler_6/stapler_6_4_1.png 252 220 386 286 319 253 349.770000 54.000000
stapler/stapler_6/stapler_6_4_6.png 252 222 388 281 320 252 0.000000 54.000000
stapler/stapler_6/stapler_6_4_11.png 253 216 386 281 320 249 10.227000 54.000000
stapler/stapler_6/stapler_6_4_16.png 255 209 386 287 321 248 20.454000 54.000000
stapler/stapler_6/stapler_6_4_21.png 257 205 384 294 321 250 30.682000 54.000000
stapler/stapler_6/stapler_6_4_26.png 261 198 383 299 322 249 40.909000 54.000000
stapler/stapler_6/stapler_6_4_31.png 267 194 376 305 322 250 51.136000 54.000000
stapler/stapler_6/stapler_6_4_36.png 275 189 371 309 323 249 61.364000 54.000000
stapler/stapler_6/stapler_6_4_41.png 283 186 361 308 322 247 71.591000 54.000000
stapler/stapler_6/stapler_6_4_46.png 292 184 354 311 323 248 81.818000 54.000000
stapler/stapler_6/stapler_6_4_51.png 300 183 349 311 325 247 92.046000 54.000000
stapler/stapler_6/stapler_6_4_56.png 296 183 347 312 322 248 102.270000 54.000000
stapler/stapler_6/stapler_6_4_61.png 290 184 356 310 323 247 112.500000 54.000000
stapler/stapler_6/stapler_6_4_66.png 283 185 365 308 324 247 122.730000 54.000000
stapler/stapler_6/stapler_6_4_71.png 276 188 373 305 325 247 132.960000 54.000000
stapler/stapler_6/stapler_6_4_76.png 273 192 379 303 326 248 143.180000 54.000000
stapler/stapler_6/stapler_6_4_81.png 267 195 386 297 327 246 153.410000 54.000000
stapler/stapler_6/stapler_6_4_86.png 265 202 392 290 329 246 163.640000 54.000000
stapler/stapler_6/stapler_6_4_91.png 262 209 394 282 328 246 173.860000 54.000000
stapler/stapler_6/stapler_6_4_96.png 263 212 395 280 329 246 184.090000 54.000000
stapler/stapler_6/stapler_6_4_101.png 264 216 395 276 330 246 194.320000 54.000000
stapler/stapler_6/stapler_6_4_106.png 265 217 397 279 331 248 204.540000 54.000000
stapler/stapler_6/stapler_6_4_111.png 265 213 397 286 331 250 214.770000 54.000000
stapler/stapler_6/stapler_6_4_116.png 268 213 395 291 332 252 225.000000 54.000000
stapler/stapler_6/stapler_6_4_121.png 269 206 394 297 332 252 235.230000 54.000000
stapler/stapler_6/stapler_6_4_126.png 271 204 391 306 331 255 245.460000 54.000000
stapler/stapler_6/stapler_6_4_131.png 277 201 384 311 331 256 255.680000 54.000000
stapler/stapler_6/stapler_6_4_136.png 280 200 380 314 330 257 265.910000 54.000000
stapler/stapler_6/stapler_6_4_141.png 286 197 374 316 330 257 276.140000 54.000000
stapler/stapler_6/stapler_6_4_146.png 293 196 365 319 329 258 286.360000 54.000000
stapler/stapler_6/stapler_6_4_151.png 300 197 360 320 330 259 296.590000 54.000000
stapler/stapler_6/stapler_6_4_156.png 304 197 351 320 328 259 306.820000 54.000000
stapler/stapler_6/stapler_6_4_161.png 298 197 353 321 326 259 317.050000 54.000000
stapler/stapler_6/stapler_6_4_166.png 289 197 359 321 324 259 327.270000 54.000000
stapler/stapler_6/stapler_6_4_171.png 282 199 364 321 323 260 337.500000 54.000000
stapler/stapler_6/stapler_6_4_176.png 276 200 368 318 322 259 347.730000 54.000000
stapler/stapler_6/stapler_6_4_181.png 271 205 376 314 324 260 357.950000 54.000000
stapler/stapler_6/stapler_6_4_186.png 263 207 380 307 322 257 8.181800 54.000000
stapler/stapler_6/stapler_6_4_191.png 257 213 384 300 321 257 18.409000 54.000000
stapler/stapler_6/stapler_6_4_196.png 254 218 387 292 321 255 28.636000 54.000000
stapler/stapler_6/stapler_6_4_201.png 252 222 386 285 319 254 38.864000 54.000000
stapler/stapler_7/stapler_7_1_1.png 292 252 338 298 315 275 244.070000 23.000000
stapler/stapler_7/stapler_7_1_6.png 290 252 339 298 315 275 236.440000 23.000000
stapler/stapler_7/stapler_7_1_11.png 288 251 340 299 314 275 228.810000 23.000000
stapler/stapler_7/stapler_7_1_16.png 287 253 342 299 315 276 221.190000 23.000000
stapler/stapler_7/stapler_7_1_21.png 284 252 344 298 314 275 213.560000 23.000000
stapler/stapler_7/stapler_7_1_26.png 284 252 343 297 314 275 205.930000 23.000000
stapler/stapler_7/stapler_7_1_31.png 284 252 344 297 314 275 198.310000 23.000000
stapler/stapler_7/stapler_7_1_36.png 284 251 345 297 315 274 190.680000 23.000000
stapler/stapler_7/stapler_7_1_41.png 285 249 348 296 317 273 183.050000 23.000000
stapler/stapler_7/stapler_7_1_46.png 285 247 348 293 317 270 175.420000 23.000000
stapler/stapler_7/stapler_7_1_51.png 285 247 348 294 317 271 167.800000 23.000000
stapler/stapler_7/stapler_7_1_56.png 286 244 348 294 317 269 160.170000 23.000000
stapler/stapler_7/stapler_7_1_61.png 286 244 347 296 317 270 152.540000 23.000000
stapler/stapler_7/stapler_7_1_66.png 286 245 348 296 317 271 144.910000 23.000000
stapler/stapler_7/stapler_7_1_71.png 288 245 348 300 318 273 137.290000 23.000000
stapler/stapler_7/stapler_7_1_76.png 288 244 348 301 318 273 129.660000 23.000000
stapler/stapler_7/stapler_7_1_81.png 292 243 348 306 320 275 122.030000 23.000000
stapler/stapler_7/stapler_7_1_86.png 293 243 347 298 320 271 114.410000 23.000000
stapler/stapler_7/stapler_7_1_91.png 294 243 347 298 321 271 106.780000 23.000000
stapler/stapler_7/stapler_7_1_96.png 295 243 346 298 321 271 99.153000 23.000000
stapler/stapler_7/stapler_7_1_101.png 299 242 345 299 322 271 91.525000 23.000000
stapler/stapler_7/stapler_7_1_106.png 296 242 344 298 320 270 83.898000 23.000000
stapler/stapler_7/stapler_7_1_111.png 299 242 344 298 322 270 76.271000 23.000000
stapler/stapler_7/stapler_7_1_116.png 297 242 344 298 321 270 68.644000 23.000000
stapler/stapler_7/stapler_7_1_121.png 297 241 346 298 322 270 61.017000 23.000000
stapler/stapler_7/stapler_7_1_126.png 295 242 348 297 322 270 53.390000 23.000000
stapler/stapler_7/stapler_7_1_131.png 293 241 350 296 322 269 45.763000 23.000000
stapler/stapler_7/stapler_7_1_136.png 293 242 352 296 323 269 38.136000 23.000000
stapler/stapler_7/stapler_7_1_141.png 291 242 352 295 322 269 30.509000 23.000000
stapler/stapler_7/stapler_7_1_146.png 291 243 353 293 322 268 22.881000 23.000000
stapler/stapler_7/stapler_7_1_151.png 289 243 353 293 321 268 15.254000 23.000000
stapler/stapler_7/stapler_7_1_156.png 289 244 352 291 321 268 7.627100 23.000000
stapler/stapler_7/stapler_7_1_161.png 288 244 350 291 319 268 0.000000 23.000000
stapler/stapler_7/stapler_7_1_166.png 288 244 350 291 319 268 352.370000 23.000000
stapler/stapler_7/stapler_7_1_171.png 287 245 348 291 318 268 344.750000 23.000000
stapler/stapler_7/stapler_7_1_176.png 288 245 349 293 319 269 337.120000 23.000000
stapler/stapler_7/stapler_7_1_181.png 288 247 349 293 319 270 329.490000 23.000000
stapler/stapler_7/stapler_7_1_186.png 288 248 347 295 318 272 321.860000 23.000000
stapler/stapler_7/stapler_7_1_191.png 288 248 347 299 318 274 314.240000 23.000000
stapler/stapler_7/stapler_7_1_196.png 287 248 344 296 316 272 306.610000 23.000000
stapler/stapler_7/stapler_7_1_201.png 288 249 343 297 316 273 298.980000 23.000000
stapler/stapler_7/stapler_7_1_206.png 289 251 342 295 316 273 291.360000 23.000000
stapler/stapler_7/stapler_7_1_211.png 289 251 340 296 315 274 283.730000 23.000000
stapler/stapler_7/stapler_7_1_216.png 290 252 338 299 314 276 276.100000 23.000000
stapler/stapler_7/stapler_7_1_221.png 291 253 336 296 314 275 268.480000 23.000000
stapler/stapler_7/stapler_7_1_226.png 292 253 337 298 315 276 260.850000 23.000000
stapler/stapler_7/stapler_7_1_231.png 293 254 337 297 315 276 253.220000 23.000000
stapler/stapler_7/stapler_7_1_236.png 292 251 338 298 315 275 245.590000 23.000000
stapler/stapler_7/stapler_7_1_241.png 290 251 339 297 315 274 237.970000 23.000000
stapler/stapler_7/stapler_7_1_246.png 287 251 340 299 314 275 230.340000 23.000000
stapler/stapler_7/stapler_7_1_251.png 287 252 341 300 314 276 222.710000 23.000000
stapler/stapler_7/stapler_7_1_256.png 285 252 343 302 314 277 215.090000 23.000000
stapler/stapler_7/stapler_7_1_261.png 283 252 342 298 313 275 207.460000 23.000000
stapler/stapler_7/stapler_7_1_266.png 284 252 343 302 314 277 199.830000 23.000000
stapler/stapler_7/stapler_7_1_271.png 285 252 346 297 316 275 192.200000 23.000000
stapler/stapler_7/stapler_7_2_1.png 309 266 368 317 339 292 225.000000 38.000000
stapler/stapler_7/stapler_7_2_6.png 307 266 368 315 338 291 217.970000 38.000000
stapler/stapler_7/stapler_7_2_11.png 306 266 368 315 337 291 210.940000 38.000000
stapler/stapler_7/stapler_7_2_16.png 306 266 368 315 337 291 203.910000 38.000000
stapler/stapler_7/stapler_7_2_21.png 306 264 368 315 337 290 196.880000 38.000000
stapler/stapler_7/stapler_7_2_26.png 304 263 368 314 336 289 189.840000 38.000000
stapler/stapler_7/stapler_7_2_31.png 304 262 366 314 335 288 182.810000 38.000000
stapler/stapler_7/stapler_7_2_36.png 303 261 365 315 334 288 175.780000 38.000000
stapler/stapler_7/stapler_7_2_41.png 304 261 365 316 335 289 168.750000 38.000000
stapler/stapler_7/stapler_7_2_46.png 303 261 364 317 334 289 161.720000 38.000000
stapler/stapler_7/stapler_7_2_51.png 303 260 363 318 333 289 154.690000 38.000000
stapler/stapler_7/stapler_7_2_56.png 304 260 362 319 333 290 147.660000 38.000000
stapler/stapler_7/stapler_7_2_61.png 303 260 362 319 333 290 140.620000 38.000000
stapler/stapler_7/stapler_7_2_66.png 306 260 361 322 334 291 133.590000 38.000000
stapler/stapler_7/stapler_7_2_71.png 306 260 359 324 333 292 126.560000 38.000000
stapler/stapler_7/stapler_7_2_76.png 308 260 358 323 333 292 119.530000 38.000000
stapler/stapler_7/stapler_7_2_81.png 310 260 358 326 334 293 112.500000 38.000000
stapler/stapler_7/stapler_7_2_86.png 312 259 357 325 335 292 105.470000 38.000000
stapler/stapler_7/stapler_7_2_91.png 313 260 357 327 335 294 98.438000 38.000000
stapler/stapler_7/stapler_7_2_96.png 313 260 356 327 335 294 91.406000 38.000000
stapler/stapler_7/stapler_7_2_101.png 313 260 358 327 336 294 84.375000 38.000000
stapler/stapler_7/stapler_7_2_106.png 312 260 360 326 336 293 77.344000 38.000000
stapler/stapler_7/stapler_7_2_111.png 311 260 364 324 338 292 70.312000 38.000000
stapler/stapler_7/stapler_7_2_116.png 311 261 365 324 338 293 63.281000 38.000000
stapler/stapler_7/stapler_7_2_121.png 310 261 366 324 338 293 56.250000 38.000000
stapler/stapler_7/stapler_7_2_126.png 310 262 368 324 339 293 49.219000 38.000000
stapler/stapler_7/stapler_7_2_131.png 309 264 370 323 340 294 42.188000 38.000000
stapler/stapler_7/stapler_7_2_136.png 310 264 372 322 341 293 35.156000 38.000000
stapler/stapler_7/stapler_7_2_141.png 309 266 373 321 341 294 28.125000 38.000000
stapler/stapler_7/stapler_7_2_146.png 310 266 373 320 342 293 21.094000 38.000000
stapler/stapler_7/stapler_7_2_151.png 311 267 373 319 342 293 14.062000 38.000000
stapler/stapler_7/stapler_7_2_156.png 310 269 374 320 342 295 7.031200 38.000000
stapler/stapler_7/stapler_7_2_161.png 311 269 374 319 343 294 0.000000 38.000000
stapler/stapler_7/stapler_7_2_166.png 310 269 375 320 343 295 352.970000 38.000000
stapler/stapler_7/stapler_7_2_171.png 313 269 374 320 344 295 345.940000 38.000000
stapler/stapler_7/stapler_7_2_176.png 314 269 373 321 344 295 338.910000 38.000000
stapler/stapler_7/stapler_7_2_181.png 314 268 373 322 344 295 331.880000 38.000000
stapler/stapler_7/stapler_7_2_186.png 314 269 372 322 343 296 324.840000 38.000000
stapler/stapler_7/stapler_7_2_191.png 316 270 372 322 344 296 317.810000 38.000000
stapler/stapler_7/stapler_7_2_196.png 317 268 369 321 343 295 310.780000 38.000000
stapler/stapler_7/stapler_7_2_201.png 319 269 367 321 343 295 303.750000 38.000000
stapler/stapler_7/stapler_7_2_206.png 320 267 363 322 342 295 296.720000 38.000000
stapler/stapler_7/stapler_7_2_211.png 321 270 363 321 342 296 289.690000 38.000000
stapler/stapler_7/stapler_7_2_216.png 321 270 365 321 343 296 282.660000 38.000000
stapler/stapler_7/stapler_7_2_221.png 319 272 366 322 343 297 275.620000 38.000000
stapler/stapler_7/stapler_7_2_226.png 317 268 366 320 342 294 268.590000 38.000000
stapler/stapler_7/stapler_7_2_231.png 313 268 366 320 340 294 261.560000 38.000000
stapler/stapler_7/stapler_7_2_236.png 312 267 367 319 340 293 254.530000 38.000000
stapler/stapler_7/stapler_7_2_241.png 312 267 367 318 340 293 247.500000 38.000000
stapler/stapler_7/stapler_7_2_246.png 309 266 367 317 338 292 240.470000 38.000000
stapler/stapler_7/stapler_7_2_251.png 307 266 368 316 338 291 233.440000 38.000000
stapler/stapler_7/stapler_7_2_256.png 304 266 368 316 336 291 226.410000 38.000000
stapler/stapler_7/stapler_7_2_261.png 306 266 367 315 337 291 219.380000 38.000000
stapler/stapler_7/stapler_7_2_266.png 306 265 368 315 337 290 212.340000 38.000000
stapler/stapler_7/stapler_7_2_271.png 304 263 368 313 336 288 205.310000 38.000000
stapler/stapler_7/stapler_7_2_276.png 305 262 366 315 336 289 198.280000 38.000000
stapler/stapler_7/stapler_7_2_281.png 303 262 364 315 334 289 191.250000 38.000000
stapler/stapler_7/stapler_7_4_1.png 291 219 343 273 317 246 232.260000 54.000000
stapler/stapler_7/stapler_7_4_6.png 290 219 342 273 316 246 225.000000 54.000000
stapler/stapler_7/stapler_7_4_11.png 286 221 342 273 314 247 217.740000 54.000000
stapler/stapler_7/stapler_7_4_16.png 286 222 341 272 314 247 210.480000 54.000000
stapler/stapler_7/stapler_7_4_21.png 286 224 343 271 315 248 203.230000 54.000000
stapler/stapler_7/stapler_7_4_26.png 286 224 343 271 315 248 195.970000 54.000000
stapler/stapler_7/stapler_7_4_31.png 286 224 341 271 314 248 188.710000 54.000000
stapler/stapler_7/stapler_7_4_36.png 285 224 340 271 313 248 181.450000 54.000000
stapler/stapler_7/stapler_7_4_41.png 285 224 340 273 313 249 174.190000 54.000000
stapler/stapler_7/stapler_7_4_46.png 284 222 342 274 313 248 166.940000 54.000000
stapler/stapler_7/stapler_7_4_51.png 284 221 340 275 312 248 159.680000 54.000000
stapler/stapler_7/stapler_7_4_56.png 284 223 341 276 313 250 152.420000 54.000000
stapler/stapler_7/stapler_7_4_61.png 284 222 341 276 313 249 145.160000 54.000000
stapler/stapler_7/stapler_7_4_66.png 284 221 340 279 312 250 137.900000 54.000000
stapler/stapler_7/stapler_7_4_71.png 286 221 341 281 314 251 130.650000 54.000000
stapler/stapler_7/stapler_7_4_76.png 289 220 340 281 315 251 123.390000 54.000000
stapler/stapler_7/stapler_7_4_81.png 290 221 340 283 315 252 116.130000 54.000000
stapler/stapler_7/stapler_7_4_86.png 294 220 339 284 317 252 108.870000 54.000000
stapler/stapler_7/stapler_7_4_91.png 295 220 339 285 317 253 101.610000 54.000000
stapler/stapler_7/stapler_7_4_96.png 297 222 338 285 318 254 94.355000 54.000000
stapler/stapler_7/stapler_7_4_101.png 295 222 339 285 317 254 87.097000 54.000000
stapler/stapler_7/stapler_7_4_106.png 295 221 341 286 318 254 79.839000 54.000000
stapler/stapler_7/stapler_7_4_111.png 296 221 343 285 320 253 72.581000 54.000000
stapler/stapler_7/stapler_7_4_116.png 296 222 345 284 321 253 65.323000 54.000000
stapler/stapler_7/stapler_7_4_121.png 295 223 347 283 321 253 58.065000 54.000000
stapler/stapler_7/stapler_7_4_126.png 296 223 350 281 323 252 50.806000 54.000000
stapler/stapler_7/stapler_7_4_131.png 296 222 350 280 323 251 43.548000 54.000000
stapler/stapler_7/stapler_7_4_136.png 296 224 353 279 325 252 36.290000 54.000000
stapler/stapler_7/stapler_7_4_141.png 296 223 353 278 325 251 29.032000 54.000000
stapler/stapler_7/stapler_7_4_146.png 297 224 353 276 325 250 21.774000 54.000000
stapler/stapler_7/stapler_7_4_151.png 297 224 354 274 326 249 14.516000 54.000000
stapler/stapler_7/stapler_7_4_156.png 297 225 355 273 326 249 7.258100 54.000000
stapler/stapler_7/stapler_7_4_161.png 294 224 355 272 325 248 0.000000 54.000000
stapler/stapler_7/stapler_7_4_166.png 297 224 355 272 326 248 352.740000 54.000000
stapler/stapler_7/stapler_7_4_171.png 297 225 356 274 327 250 345.480000 54.000000
stapler/stapler_7/stapler_7_4_176.png 297 224 355 274 326 249 338.230000 54.000000
stapler/stapler_7/stapler_7_4_181.png 297 223 354 274 326 249 330.970000 54.000000
stapler/stapler_7/stapler_7_4_186.png 297 222 351 274 324 248 323.710000 54.000000
stapler/stapler_7/stapler_7_4_191.png 298 222 351 275 325 249 316.450000 54.000000
stapler/stapler_7/stapler_7_4_196.png 299 220 350 272 325 246 309.190000 54.000000
stapler/stapler_7/stapler_7_4_201.png 299 220 348 274 324 247 301.940000 54.000000
stapler/stapler_7/stapler_7_4_206.png 299 220 346 274 323 247 294.680000 54.000000
stapler/stapler_7/stapler_7_4_211.png 300 218 344 274 322 246 287.420000 54.000000
stapler/stapler_7/stapler_7_4_216.png 299 219 340 274 320 247 280.160000 54.000000
stapler/stapler_7/stapler_7_4_221.png 300 219 340 274 320 247 272.900000 54.000000
stapler/stapler_7/stapler_7_4_226.png 300 218 340 274 320 246 265.640000 54.000000
stapler/stapler_7/stapler_7_4_231.png 300 218 342 275 321 247 258.390000 54.000000
stapler/stapler_7/stapler_7_4_236.png 297 218 342 274 320 246 251.130000 54.000000
stapler/stapler_7/stapler_7_4_241.png 296 219 343 273 320 246 243.870000 54.000000
stapler/stapler_7/stapler_7_4_246.png 293 217 341 272 317 245 236.610000 54.000000
stapler/stapler_7/stapler_7_4_251.png 292 218 342 272 317 245 229.350000 54.000000
stapler/stapler_7/stapler_7_4_256.png 290 218 341 272 316 245 222.100000 54.000000
stapler/stapler_7/stapler_7_4_261.png 288 221 342 271 315 246 214.840000 54.000000
stapler/stapler_7/stapler_7_4_266.png 286 222 341 272 314 247 207.580000 54.000000
stapler/stapler_8/stapler_8_1_1.png 291 242 343 296 317 269 118.030000 23.000000
stapler/stapler_8/stapler_8_1_6.png 293 242 343 301 318 272 110.660000 23.000000
stapler/stapler_8/stapler_8_1_11.png 295 242 342 296 319 269 103.280000 23.000000
stapler/stapler_8/stapler_8_1_16.png 294 243 338 296 316 270 95.902000 23.000000
stapler/stapler_8/stapler_8_1_21.png 294 243 337 296 316 270 88.525000 23.000000
stapler/stapler_8/stapler_8_1_26.png 294 242 339 297 317 270 81.147000 23.000000
stapler/stapler_8/stapler_8_1_31.png 292 242 341 296 317 269 73.770000 23.000000
stapler/stapler_8/stapler_8_1_36.png 290 242 342 296 316 269 66.393000 23.000000
stapler/stapler_8/stapler_8_1_41.png 288 243 342 296 315 270 59.016000 23.000000
stapler/stapler_8/stapler_8_1_46.png 288 244 346 296 317 270 51.639000 23.000000
stapler/stapler_8/stapler_8_1_51.png 285 244 345 296 315 270 44.262000 23.000000
stapler/stapler_8/stapler_8_1_56.png 285 245 346 297 316 271 36.885000 23.000000
stapler/stapler_8/stapler_8_1_61.png 285 247 346 294 316 271 29.508000 23.000000
stapler/stapler_8/stapler_8_1_66.png 284 247 347 294 316 271 22.131000 23.000000
stapler/stapler_8/stapler_8_1_71.png 284 248 348 294 316 271 14.754000 23.000000
stapler/stapler_8/stapler_8_1_76.png 284 249 347 293 316 271 7.377000 23.000000
stapler/stapler_8/stapler_8_1_81.png 284 251 348 292 316 272 0.000000 23.000000
stapler/stapler_8/stapler_8_1_86.png 283 251 348 299 316 275 352.620000 23.000000
stapler/stapler_8/stapler_8_1_91.png 283 252 347 294 315 273 345.250000 23.000000
stapler/stapler_8/stapler_8_1_96.png 283 252 347 296 315 274 337.870000 23.000000
stapler/stapler_8/stapler_8_1_101.png 285 254 347 300 316 277 330.490000 23.000000
stapler/stapler_8/stapler_8_1_106.png 285 255 347 300 316 278 323.120000 23.000000
stapler/stapler_8/stapler_8_1_111.png 288 254 346 301 317 278 315.740000 23.000000
stapler/stapler_8/stapler_8_1_116.png 290 255 345 301 318 278 308.360000 23.000000
stapler/stapler_8/stapler_8_1_121.png 291 254 344 301 318 278 300.980000 23.000000
stapler/stapler_8/stapler_8_1_126.png 291 256 345 300 318 278 293.610000 23.000000
stapler/stapler_8/stapler_8_1_131.png 293 257 341 299 317 278 286.230000 23.000000
stapler/stapler_8/stapler_8_1_136.png 295 257 340 300 318 279 278.850000 23.000000
stapler/stapler_8/stapler_8_1_141.png 297 255 340 301 319 278 271.480000 23.000000
stapler/stapler_8/stapler_8_1_146.png 299 255 343 301 321 278 264.100000 23.000000
stapler/stapler_8/stapler_8_1_151.png 298 256 344 297 321 277 256.720000 23.000000
stapler/stapler_8/stapler_8_1_156.png 297 256 347 297 322 277 249.340000 23.000000
stapler/stapler_8/stapler_8_1_161.png 295 256 345 300 320 278 241.970000 23.000000
stapler/stapler_8/stapler_8_1_166.png 293 255 347 298 320 277 234.590000 23.000000
stapler/stapler_8/stapler_8_1_171.png 290 254 348 298 319 276 227.210000 23.000000
stapler/stapler_8/stapler_8_1_176.png 291 254 349 297 320 276 219.840000 23.000000
stapler/stapler_8/stapler_8_1_181.png 291 253 351 297 321 275 212.460000 23.000000
stapler/stapler_8/stapler_8_1_186.png 289 252 351 294 320 273 205.080000 23.000000
stapler/stapler_8/stapler_8_1_191.png 288 253 351 291 320 272 197.710000 23.000000
stapler/stapler_8/stapler_8_1_196.png 290 249 353 294 322 272 190.330000 23.000000
stapler/stapler_8/stapler_8_1_201.png 289 248 353 295 321 272 182.950000 23.000000
stapler/stapler_8/stapler_8_1_206.png 289 248 352 292 321 270 175.570000 23.000000
stapler/stapler_8/stapler_8_1_211.png 288 246 351 299 320 273 168.200000 23.000000
stapler/stapler_8/stapler_8_1_216.png 288 244 351 301 320 273 160.820000 23.000000
stapler/stapler_8/stapler_8_1_221.png 287 245 351 301 319 273 153.440000 23.000000
stapler/stapler_8/stapler_8_1_226.png 288 245 348 301 318 273 146.070000 23.000000
stapler/stapler_8/stapler_8_1_231.png 289 243 348 299 319 271 138.690000 23.000000
stapler/stapler_8/stapler_8_1_236.png 289 243 346 299 318 271 131.310000 23.000000
stapler/stapler_8/stapler_8_1_241.png 292 242 345 301 319 272 123.930000 23.000000
stapler/stapler_8/stapler_8_1_246.png 290 242 343 299 317 271 116.560000 23.000000
stapler/stapler_8/stapler_8_1_251.png 295 242 342 296 319 269 109.180000 23.000000
stapler/stapler_8/stapler_8_1_256.png 295 242 341 296 318 269 101.800000 23.000000
stapler/stapler_8/stapler_8_1_261.png 294 243 338 296 316 270 94.426000 23.000000
stapler/stapler_8/stapler_8_1_266.png 293 241 338 296 316 269 87.049000 23.000000
stapler/stapler_8/stapler_8_2_1.png 317 258 359 320 338 289 96.429000 38.000000
stapler/stapler_8/stapler_8_2_6.png 315 257 358 319 337 288 88.393000 38.000000
stapler/stapler_8/stapler_8_2_11.png 314 256 358 321 336 289 80.357000 38.000000
stapler/stapler_8/stapler_8_2_16.png 312 257 359 321 336 289 72.321000 38.000000
stapler/stapler_8/stapler_8_2_21.png 311 258 362 321 337 290 64.286000 38.000000
stapler/stapler_8/stapler_8_2_26.png 308 258 363 322 336 290 56.250000 38.000000
stapler/stapler_8/stapler_8_2_31.png 307 259 363 320 335 290 48.214000 38.000000
stapler/stapler_8/stapler_8_2_36.png 306 261 363 319 335 290 40.179000 38.000000
stapler/stapler_8/stapler_8_2_41.png 305 262 363 318 334 290 32.143000 38.000000
stapler/stapler_8/stapler_8_2_46.png 303 264 364 318 334 291 24.107000 38.000000
stapler/stapler_8/stapler_8_2_51.png 303 264 365 316 334 290 16.071000 38.000000
stapler/stapler_8/stapler_8_2_56.png 302 267 364 316 333 292 8.035700 38.000000
stapler/stapler_8/stapler_8_2_61.png 302 267 364 316 333 292 0.000000 38.000000
stapler/stapler_8/stapler_8_2_66.png 302 270 364 318 333 294 351.960000 38.000000
stapler/stapler_8/stapler_8_2_71.png 302 271 365 318 334 295 343.930000 38.000000
stapler/stapler_8/stapler_8_2_76.png 302 272 363 320 333 296 335.890000 38.000000
stapler/stapler_8/stapler_8_2_81.png 303 273 365 322 334 298 327.860000 38.000000
stapler/stapler_8/stapler_8_2_86.png 304 273 366 321 335 297 319.820000 38.000000
stapler/stapler_8/stapler_8_2_91.png 305 273 365 324 335 299 311.790000 38.000000
stapler/stapler_8/stapler_8_2_96.png 307 272 364 325 336 299 303.750000 38.000000
stapler/stapler_8/stapler_8_2_101.png 309 272 364 325 337 299 295.710000 38.000000
stapler/stapler_8/stapler_8_2_106.png 310 271 361 326 336 299 287.680000 38.000000
stapler/stapler_8/stapler_8_2_111.png 313 274 361 326 337 300 279.640000 38.000000
stapler/stapler_8/stapler_8_2_116.png 316 273 359 328 338 301 271.610000 38.000000
stapler/stapler_8/stapler_8_2_121.png 317 276 359 328 338 302 263.570000 38.000000
stapler/stapler_8/stapler_8_2_126.png 319 273 363 328 341 301 255.540000 38.000000
stapler/stapler_8/stapler_8_2_131.png 321 273 364 328 343 301 247.500000 38.000000
stapler/stapler_8/stapler_8_2_136.png 318 274 367 327 343 301 239.460000 38.000000
stapler/stapler_8/stapler_8_2_141.png 313 273 369 326 341 300 231.430000 38.000000
stapler/stapler_8/stapler_8_2_146.png 315 273 370 326 343 300 223.390000 38.000000
stapler/stapler_8/stapler_8_2_151.png 314 273 371 324 343 299 215.360000 38.000000
stapler/stapler_8/stapler_8_2_156.png 313 273 372 323 343 298 207.320000 38.000000
stapler/stapler_8/stapler_8_2_161.png 314 273 374 322 344 298 199.290000 38.000000
stapler/stapler_8/stapler_8_2_166.png 311 272 375 320 343 296 191.250000 38.000000
stapler/stapler_8/stapler_8_2_171.png 312 270 376 319 344 295 183.210000 38.000000
stapler/stapler_8/stapler_8_2_176.png 311 269 375 318 343 294 175.180000 38.000000
stapler/stapler_8/stapler_8_2_181.png 312 270 376 316 344 293 167.140000 38.000000
stapler/stapler_8/stapler_8_2_186.png 313 268 377 316 345 292 159.110000 38.000000
stapler/stapler_8/stapler_8_2_191.png 312 267 375 316 344 292 151.070000 38.000000
stapler/stapler_8/stapler_8_2_196.png 313 264 375 317 344 291 143.040000 38.000000
stapler/stapler_8/stapler_8_2_201.png 311 263 374 317 343 290 135.000000 38.000000
stapler/stapler_8/stapler_8_2_206.png 312 263 373 318 343 291 126.960000 38.000000
stapler/stapler_8/stapler_8_2_211.png 312 262 371 318 342 290 118.930000 38.000000
stapler/stapler_8/stapler_8_2_216.png 312 261 370 318 341 290 110.890000 38.000000
stapler/stapler_8/stapler_8_2_221.png 313 260 369 320 341 290 102.860000 38.000000
stapler/stapler_8/stapler_8_2_226.png 313 259 367 319 340 289 94.821000 38.000000
stapler/stapler_8/stapler_8_2_231.png 316 258 365 321 341 290 86.786000 38.000000
stapler/stapler_8/stapler_8_2_236.png 313 257 360 320 337 289 78.750000 38.000000
stapler/stapler_8/stapler_8_2_241.png 313 256 358 320 336 288 70.714000 38.000000
stapler/stapler_8/stapler_8_2_246.png 315 257 357 321 336 289 62.679000 38.000000
stapler/stapler_8/stapler_8_2_251.png 314 256 358 321 336 289 54.643000 38.000000
stapler/stapler_8/stapler_8_4_1.png 299 218 342 275 321 247 261.290000 54.000000
stapler/stapler_8/stapler_8_4_6.png 297 218 341 276 319 247 254.030000 54.000000
stapler/stapler_8/stapler_8_4_11.png 294 219 343 274 319 247 246.770000 54.000000
stapler/stapler_8/stapler_8_4_16.png 294 219 344 274 319 247 239.520000 54.000000
stapler/stapler_8/stapler_8_4_21.png 292 222 344 273 318 248 232.260000 54.000000
stapler/stapler_8/stapler_8_4_26.png 290 224 345 273 318 249 225.000000 54.000000
stapler/stapler_8/stapler_8_4_31.png 288 225 344 272 316 249 217.740000 54.000000
stapler/stapler_8/stapler_8_4_36.png 287 226 344 271 316 249 210.480000 54.000000
stapler/stapler_8/stapler_8_4_41.png 288 226 344 271 316 249 203.230000 54.000000
stapler/stapler_8/stapler_8_4_46.png 286 226 346 271 316 249 195.970000 54.000000
stapler/stapler_8/stapler_8_4_51.png 287 226 346 270 317 248 188.710000 54.000000
stapler/stapler_8/stapler_8_4_56.png 287 225 345 270 316 248 181.450000 54.000000
stapler/stapler_8/stapler_8_4_61.png 287 225 346 273 317 249 174.190000 54.000000
stapler/stapler_8/stapler_8_4_66.png 287 224 345 273 316 249 166.940000 54.000000
stapler/stapler_8/stapler_8_4_71.png 285 224 345 274 315 249 159.680000 54.000000
stapler/stapler_8/stapler_8_4_76.png 287 221 345 276 316 249 152.420000 54.000000
stapler/stapler_8/stapler_8_4_81.png 287 221 344 277 316 249 145.160000 54.000000
stapler/stapler_8/stapler_8_4_86.png 288 220 342 279 315 250 137.900000 54.000000
stapler/stapler_8/stapler_8_4_91.png 291 220 342 280 317 250 130.650000 54.000000
stapler/stapler_8/stapler_8_4_96.png 294 220 341 279 318 250 123.390000 54.000000
stapler/stapler_8/stapler_8_4_101.png 295 219 340 282 318 251 116.130000 54.000000
stapler/stapler_8/stapler_8_4_106.png 296 219 339 283 318 251 108.870000 54.000000
stapler/stapler_8/stapler_8_4_111.png 297 220 339 285 318 253 101.610000 54.000000
stapler/stapler_8/stapler_8_4_116.png 297 220 339 284 318 252 94.355000 54.000000
stapler/stapler_8/stapler_8_4_121.png 297 220 339 284 318 252 87.097000 54.000000
stapler/stapler_8/stapler_8_4_126.png 295 218 341 283 318 251 79.839000 54.000000
stapler/stapler_8/stapler_8_4_131.png 295 221 344 283 320 252 72.581000 54.000000
stapler/stapler_8/stapler_8_4_136.png 296 221 346 282 321 252 65.323000 54.000000
stapler/stapler_8/stapler_8_4_141.png 295 223 348 281 322 252 58.065000 54.000000
stapler/stapler_8/stapler_8_4_146.png 294 223 349 279 322 251 50.806000 54.000000
stapler/stapler_8/stapler_8_4_151.png 292 224 350 278 321 251 43.548000 54.000000
stapler/stapler_8/stapler_8_4_156.png 293 223 351 278 322 251 36.290000 54.000000
stapler/stapler_8/stapler_8_4_161.png 294 225 352 276 323 251 29.032000 54.000000
stapler/stapler_8/stapler_8_4_166.png 294 225 352 275 323 250 21.774000 54.000000
stapler/stapler_8/stapler_8_4_171.png 295 225 354 273 325 249 14.516000 54.000000
stapler/stapler_8/stapler_8_4_176.png 295 226 354 272 325 249 7.258100 54.000000
stapler/stapler_8/stapler_8_4_181.png 294 227 354 271 324 249 0.000000 54.000000
stapler/stapler_8/stapler_8_4_186.png 295 227 354 272 325 250 352.740000 54.000000
stapler/stapler_8/stapler_8_4_191.png 294 226 354 274 324 250 345.480000 54.000000
stapler/stapler_8/stapler_8_4_196.png 294 226 354 273 324 250 338.230000 54.000000
stapler/stapler_8/stapler_8_4_201.png 295 224 353 274 324 249 330.970000 54.000000
stapler/stapler_8/stapler_8_4_206.png 295 224 351 275 323 250 323.710000 54.000000
stapler/stapler_8/stapler_8_4_211.png 295 223 350 275 323 249 316.450000 54.000000
stapler/stapler_8/stapler_8_4_216.png 297 222 348 275 323 249 309.190000 54.000000
stapler/stapler_8/stapler_8_4_221.png 298 220 348 275 323 248 301.940000 54.000000
stapler/stapler_8/stapler_8_4_226.png 298 220 345 276 322 248 294.680000 54.000000
stapler/stapler_8/stapler_8_4_231.png 298 220 343 275 321 248 287.420000 54.000000
stapler/stapler_8/stapler_8_4_236.png 299 220 340 276 320 248 280.160000 54.000000
stapler/stapler_8/stapler_8_4_241.png 300 219 340 276 320 248 272.900000 54.000000
stapler/stapler_8/stapler_8_4_246.png 302 218 341 275 322 247 265.640000 54.000000
stapler/stapler_8/stapler_8_4_251.png 300 218 342 276 321 247 258.390000 54.000000
stapler/stapler_8/stapler_8_4_256.png 295 219 342 274 319 247 251.130000 54.000000
stapler/stapler_8/stapler_8_4_261.png 294 219 344 275 319 247 243.870000 54.000000
